,source_dataset,isMath,attack,source_model,source_balancing,target_model,target_dataset,target_balancing,asr,asr_0,asr_1
0,bing,True,FGSM,alexnet,20/80,alexnet,bing,20/80,0.56227756,0.6444444444444445,0.4863013698630137
1,bing,True,FGSM,alexnet,20/80,alexnet,bing,30/70,0.4894366,0.6985294117647058,0.2972972972972973
2,bing,True,FGSM,alexnet,20/80,alexnet,bing,40/60,0.50352114,0.460431654676259,0.5448275862068965
3,bing,True,FGSM,alexnet,20/80,alexnet,bing,50/50,0.4826389,0.2916666666666667,0.6736111111111112
4,bing,True,FGSM,alexnet,20/80,resnet,bing,20/80,0.2733564,0.36428571428571427,0.18791946308724833
5,bing,True,FGSM,alexnet,20/80,resnet,bing,30/70,0.27835053,0.36619718309859156,0.19463087248322147
6,bing,True,FGSM,alexnet,20/80,resnet,bing,40/60,0.2901024,0.2534246575342466,0.32653061224489793
7,bing,True,FGSM,alexnet,20/80,resnet,bing,50/50,0.31632653,0.11564625850340136,0.5170068027210885
8,bing,True,FGSM,alexnet,20/80,vgg,bing,20/80,0.33333334,0.6285714285714286,0.05405405405405406
9,bing,True,FGSM,alexnet,20/80,vgg,bing,30/70,0.29411766,0.36619718309859156,0.22448979591836735
10,bing,True,FGSM,alexnet,20/80,vgg,bing,40/60,0.2739726,0.2896551724137931,0.2585034013605442
11,bing,True,FGSM,alexnet,20/80,vgg,bing,50/50,0.28767124,0.17123287671232876,0.4041095890410959
12,bing,True,FGSM,alexnet,20/80,alexnet,google,20/80,0.5133333,0.5733333333333334,0.4533333333333333
13,bing,True,FGSM,alexnet,20/80,alexnet,google,30/70,0.5,0.47333333333333333,0.5266666666666666
14,bing,True,FGSM,alexnet,20/80,alexnet,google,40/60,0.50333333,0.32666666666666666,0.68
15,bing,True,FGSM,alexnet,20/80,alexnet,google,50/50,0.50333333,0.18666666666666668,0.82
16,bing,True,FGSM,alexnet,20/80,resnet,google,20/80,0.29333335,0.36666666666666664,0.22
17,bing,True,FGSM,alexnet,20/80,resnet,google,30/70,0.32333335,0.08,0.5666666666666667
18,bing,True,FGSM,alexnet,20/80,resnet,google,40/60,0.34333333,0.06,0.6266666666666667
19,bing,True,FGSM,alexnet,20/80,resnet,google,50/50,0.3866667,0.02666666666666667,0.7466666666666667
20,bing,True,FGSM,alexnet,20/80,vgg,google,20/80,0.33333334,0.5733333333333334,0.09333333333333334
21,bing,True,FGSM,alexnet,20/80,vgg,google,30/70,0.29666668,0.44666666666666666,0.14666666666666667
22,bing,True,FGSM,alexnet,20/80,vgg,google,40/60,0.29666668,0.22,0.37333333333333335
23,bing,True,FGSM,alexnet,20/80,vgg,google,50/50,0.34,0.1,0.58
24,bing,True,FGSM,alexnet,30/70,alexnet,bing,20/80,0.48398575,0.5703703703703704,0.4041095890410959
25,bing,True,FGSM,alexnet,30/70,alexnet,bing,30/70,0.53521127,0.6911764705882353,0.3918918918918919
26,bing,True,FGSM,alexnet,30/70,alexnet,bing,40/60,0.54577464,0.49640287769784175,0.593103448275862
27,bing,True,FGSM,alexnet,30/70,alexnet,bing,50/50,0.5069445,0.3333333333333333,0.6805555555555556
28,bing,True,FGSM,alexnet,30/70,resnet,bing,20/80,0.2733564,0.38571428571428573,0.16778523489932887
29,bing,True,FGSM,alexnet,30/70,resnet,bing,30/70,0.2646048,0.34507042253521125,0.18791946308724833
30,bing,True,FGSM,alexnet,30/70,resnet,bing,40/60,0.3105802,0.22602739726027396,0.3945578231292517
31,bing,True,FGSM,alexnet,30/70,resnet,bing,50/50,0.31632653,0.10884353741496598,0.5238095238095238
32,bing,True,FGSM,alexnet,30/70,vgg,bing,20/80,0.36805555,0.6714285714285714,0.08108108108108109
33,bing,True,FGSM,alexnet,30/70,vgg,bing,30/70,0.29065746,0.3591549295774648,0.22448979591836735
34,bing,True,FGSM,alexnet,30/70,vgg,bing,40/60,0.29452056,0.296551724137931,0.2925170068027211
35,bing,True,FGSM,alexnet,30/70,vgg,bing,50/50,0.30821916,0.17123287671232876,0.4452054794520548
36,bing,True,FGSM,alexnet,30/70,alexnet,google,20/80,0.54333335,0.64,0.44666666666666666
37,bing,True,FGSM,alexnet,30/70,alexnet,google,30/70,0.49666667,0.47333333333333333,0.52
38,bing,True,FGSM,alexnet,30/70,alexnet,google,40/60,0.51,0.29333333333333333,0.7266666666666667
39,bing,True,FGSM,alexnet,30/70,alexnet,google,50/50,0.5133333,0.21333333333333335,0.8133333333333334
40,bing,True,FGSM,alexnet,30/70,resnet,google,20/80,0.29666668,0.3466666666666667,0.24666666666666667
41,bing,True,FGSM,alexnet,30/70,resnet,google,30/70,0.34333333,0.11333333333333333,0.5733333333333334
42,bing,True,FGSM,alexnet,30/70,resnet,google,40/60,0.36,0.1,0.62
43,bing,True,FGSM,alexnet,30/70,resnet,google,50/50,0.39666668,0.04666666666666667,0.7466666666666667
44,bing,True,FGSM,alexnet,30/70,vgg,google,20/80,0.37333333,0.6266666666666667,0.12
45,bing,True,FGSM,alexnet,30/70,vgg,google,30/70,0.32666668,0.4666666666666667,0.18666666666666668
46,bing,True,FGSM,alexnet,30/70,vgg,google,40/60,0.32333335,0.23333333333333334,0.41333333333333333
47,bing,True,FGSM,alexnet,30/70,vgg,google,50/50,0.35,0.12666666666666668,0.5733333333333334
48,bing,True,FGSM,alexnet,40/60,alexnet,bing,20/80,0.5017794,0.5777777777777777,0.4315068493150685
49,bing,True,FGSM,alexnet,40/60,alexnet,bing,30/70,0.52112675,0.6911764705882353,0.36486486486486486
50,bing,True,FGSM,alexnet,40/60,alexnet,bing,40/60,0.5915493,0.5107913669064749,0.6689655172413793
51,bing,True,FGSM,alexnet,40/60,alexnet,bing,50/50,0.5208333,0.3333333333333333,0.7083333333333334
52,bing,True,FGSM,alexnet,40/60,resnet,bing,20/80,0.25259516,0.36428571428571427,0.1476510067114094
53,bing,True,FGSM,alexnet,40/60,resnet,bing,30/70,0.2508591,0.3380281690140845,0.16778523489932887
54,bing,True,FGSM,alexnet,40/60,resnet,bing,40/60,0.30034128,0.22602739726027396,0.3741496598639456
55,bing,True,FGSM,alexnet,40/60,resnet,bing,50/50,0.3197279,0.10884353741496598,0.5306122448979592
56,bing,True,FGSM,alexnet,40/60,vgg,bing,20/80,0.3402778,0.6214285714285714,0.07432432432432433
57,bing,True,FGSM,alexnet,40/60,vgg,bing,30/70,0.29065746,0.4225352112676056,0.16326530612244897
58,bing,True,FGSM,alexnet,40/60,vgg,bing,40/60,0.2739726,0.30344827586206896,0.24489795918367346
59,bing,True,FGSM,alexnet,40/60,vgg,bing,50/50,0.2739726,0.1506849315068493,0.3972602739726027
60,bing,True,FGSM,alexnet,40/60,alexnet,google,20/80,0.5133333,0.58,0.44666666666666666
61,bing,True,FGSM,alexnet,40/60,alexnet,google,30/70,0.51,0.48,0.54
62,bing,True,FGSM,alexnet,40/60,alexnet,google,40/60,0.5133333,0.30666666666666664,0.72
63,bing,True,FGSM,alexnet,40/60,alexnet,google,50/50,0.55,0.21333333333333335,0.8866666666666667
64,bing,True,FGSM,alexnet,40/60,resnet,google,20/80,0.28666666,0.34,0.23333333333333334
65,bing,True,FGSM,alexnet,40/60,resnet,google,30/70,0.34,0.09333333333333334,0.5866666666666667
66,bing,True,FGSM,alexnet,40/60,resnet,google,40/60,0.35,0.08,0.62
67,bing,True,FGSM,alexnet,40/60,resnet,google,50/50,0.39666668,0.04,0.7533333333333333
68,bing,True,FGSM,alexnet,40/60,vgg,google,20/80,0.35333335,0.62,0.08666666666666667
69,bing,True,FGSM,alexnet,40/60,vgg,google,30/70,0.33,0.49333333333333335,0.16666666666666666
70,bing,True,FGSM,alexnet,40/60,vgg,google,40/60,0.32,0.24666666666666667,0.3933333333333333
71,bing,True,FGSM,alexnet,40/60,vgg,google,50/50,0.33666667,0.14,0.5333333333333333
72,bing,True,FGSM,alexnet,50/50,alexnet,bing,20/80,0.52313167,0.6444444444444445,0.410958904109589
73,bing,True,FGSM,alexnet,50/50,alexnet,bing,30/70,0.50352114,0.7132352941176471,0.3108108108108108
74,bing,True,FGSM,alexnet,50/50,alexnet,bing,40/60,0.55985916,0.49640287769784175,0.6206896551724138
75,bing,True,FGSM,alexnet,50/50,alexnet,bing,50/50,0.5347222,0.3333333333333333,0.7361111111111112
76,bing,True,FGSM,alexnet,50/50,resnet,bing,20/80,0.29065746,0.37857142857142856,0.2080536912751678
77,bing,True,FGSM,alexnet,50/50,resnet,bing,30/70,0.2749141,0.36619718309859156,0.18791946308724833
78,bing,True,FGSM,alexnet,50/50,resnet,bing,40/60,0.29692832,0.19863013698630136,0.3945578231292517
79,bing,True,FGSM,alexnet,50/50,resnet,bing,50/50,0.3265306,0.1292517006802721,0.5238095238095238
80,bing,True,FGSM,alexnet,50/50,vgg,bing,20/80,0.35069445,0.6357142857142857,0.08108108108108109
81,bing,True,FGSM,alexnet,50/50,vgg,bing,30/70,0.29411766,0.4014084507042254,0.19047619047619047
82,bing,True,FGSM,alexnet,50/50,vgg,bing,40/60,0.3219178,0.3310344827586207,0.3129251700680272
83,bing,True,FGSM,alexnet,50/50,vgg,bing,50/50,0.30479452,0.17123287671232876,0.4383561643835616
84,bing,True,FGSM,alexnet,50/50,alexnet,google,20/80,0.5466667,0.64,0.4533333333333333
85,bing,True,FGSM,alexnet,50/50,alexnet,google,30/70,0.5466667,0.54,0.5533333333333333
86,bing,True,FGSM,alexnet,50/50,alexnet,google,40/60,0.5233334,0.34,0.7066666666666667
87,bing,True,FGSM,alexnet,50/50,alexnet,google,50/50,0.52000004,0.22,0.82
88,bing,True,FGSM,alexnet,50/50,resnet,google,20/80,0.32333335,0.37333333333333335,0.2733333333333333
89,bing,True,FGSM,alexnet,50/50,resnet,google,30/70,0.34333333,0.10666666666666667,0.58
90,bing,True,FGSM,alexnet,50/50,resnet,google,40/60,0.37333333,0.08,0.6666666666666666
91,bing,True,FGSM,alexnet,50/50,resnet,google,50/50,0.39000002,0.02,0.76
92,bing,True,FGSM,alexnet,50/50,vgg,google,20/80,0.37333333,0.6266666666666667,0.12
93,bing,True,FGSM,alexnet,50/50,vgg,google,30/70,0.34,0.5133333333333333,0.16666666666666666
94,bing,True,FGSM,alexnet,50/50,vgg,google,40/60,0.34666666,0.29333333333333333,0.4
95,bing,True,FGSM,alexnet,50/50,vgg,google,50/50,0.31333333,0.12,0.5066666666666667
96,bing,True,FGSM,resnet,20/80,alexnet,bing,20/80,0.17437722,0.3333333333333333,0.0273972602739726
97,bing,True,FGSM,resnet,20/80,alexnet,bing,30/70,0.1971831,0.3602941176470588,0.0472972972972973
98,bing,True,FGSM,resnet,20/80,alexnet,bing,40/60,0.16549295,0.22302158273381295,0.1103448275862069
99,bing,True,FGSM,resnet,20/80,alexnet,bing,50/50,0.1388889,0.11805555555555555,0.1597222222222222
100,bing,True,FGSM,resnet,20/80,resnet,bing,20/80,0.47058824,0.6,0.348993288590604
101,bing,True,FGSM,resnet,20/80,resnet,bing,30/70,0.4329897,0.528169014084507,0.3422818791946309
102,bing,True,FGSM,resnet,20/80,resnet,bing,40/60,0.4539249,0.363013698630137,0.54421768707483
103,bing,True,FGSM,resnet,20/80,resnet,bing,50/50,0.42517006,0.21768707482993196,0.6326530612244898
104,bing,True,FGSM,resnet,20/80,vgg,bing,20/80,0.3576389,0.6642857142857143,0.06756756756756757
105,bing,True,FGSM,resnet,20/80,vgg,bing,30/70,0.28027683,0.4225352112676056,0.14285714285714285
106,bing,True,FGSM,resnet,20/80,vgg,bing,40/60,0.25684932,0.3310344827586207,0.1836734693877551
107,bing,True,FGSM,resnet,20/80,vgg,bing,50/50,0.27054796,0.2191780821917808,0.3219178082191781
108,bing,True,FGSM,resnet,20/80,alexnet,google,20/80,0.22333334,0.41333333333333333,0.03333333333333333
109,bing,True,FGSM,resnet,20/80,alexnet,google,30/70,0.2,0.35333333333333333,0.04666666666666667
110,bing,True,FGSM,resnet,20/80,alexnet,google,40/60,0.17,0.18,0.16
111,bing,True,FGSM,resnet,20/80,alexnet,google,50/50,0.17666668,0.09333333333333334,0.26
112,bing,True,FGSM,resnet,20/80,resnet,google,20/80,0.45666668,0.54,0.37333333333333335
113,bing,True,FGSM,resnet,20/80,resnet,google,30/70,0.44,0.20666666666666667,0.6733333333333333
114,bing,True,FGSM,resnet,20/80,resnet,google,40/60,0.42000002,0.16,0.68
115,bing,True,FGSM,resnet,20/80,resnet,google,50/50,0.43,0.06666666666666667,0.7933333333333333
116,bing,True,FGSM,resnet,20/80,vgg,google,20/80,0.35666668,0.6266666666666667,0.08666666666666667
117,bing,True,FGSM,resnet,20/80,vgg,google,30/70,0.34,0.5466666666666666,0.13333333333333333
118,bing,True,FGSM,resnet,20/80,vgg,google,40/60,0.31666666,0.2733333333333333,0.36
119,bing,True,FGSM,resnet,20/80,vgg,google,50/50,0.30666667,0.10666666666666667,0.5066666666666667
120,bing,True,FGSM,resnet,30/70,alexnet,bing,20/80,0.17437722,0.3111111111111111,0.04794520547945205
121,bing,True,FGSM,resnet,30/70,alexnet,bing,30/70,0.20774648,0.375,0.05405405405405406
122,bing,True,FGSM,resnet,30/70,alexnet,bing,40/60,0.18309858,0.26618705035971224,0.10344827586206896
123,bing,True,FGSM,resnet,30/70,alexnet,bing,50/50,0.14930555,0.13194444444444445,0.16666666666666666
124,bing,True,FGSM,resnet,30/70,resnet,bing,20/80,0.4429066,0.55,0.3422818791946309
125,bing,True,FGSM,resnet,30/70,resnet,bing,30/70,0.4467354,0.5211267605633803,0.37583892617449666
126,bing,True,FGSM,resnet,30/70,resnet,bing,40/60,0.45733786,0.3561643835616438,0.5578231292517006
127,bing,True,FGSM,resnet,30/70,resnet,bing,50/50,0.414966,0.22448979591836735,0.6054421768707483
128,bing,True,FGSM,resnet,30/70,vgg,bing,20/80,0.33680555,0.6285714285714286,0.060810810810810814
129,bing,True,FGSM,resnet,30/70,vgg,bing,30/70,0.28373703,0.4154929577464789,0.1564625850340136
130,bing,True,FGSM,resnet,30/70,vgg,bing,40/60,0.28767124,0.32413793103448274,0.25170068027210885
131,bing,True,FGSM,resnet,30/70,vgg,bing,50/50,0.30821916,0.2534246575342466,0.363013698630137
132,bing,True,FGSM,resnet,30/70,alexnet,google,20/80,0.23666668,0.4266666666666667,0.04666666666666667
133,bing,True,FGSM,resnet,30/70,alexnet,google,30/70,0.21666667,0.35333333333333333,0.08
134,bing,True,FGSM,resnet,30/70,alexnet,google,40/60,0.15666667,0.14,0.17333333333333334
135,bing,True,FGSM,resnet,30/70,alexnet,google,50/50,0.20333333,0.1,0.30666666666666664
136,bing,True,FGSM,resnet,30/70,resnet,google,20/80,0.44333336,0.5333333333333333,0.35333333333333333
137,bing,True,FGSM,resnet,30/70,resnet,google,30/70,0.46,0.26,0.66
138,bing,True,FGSM,resnet,30/70,resnet,google,40/60,0.4466667,0.18666666666666668,0.7066666666666667
139,bing,True,FGSM,resnet,30/70,resnet,google,50/50,0.44333336,0.08666666666666667,0.8
140,bing,True,FGSM,resnet,30/70,vgg,google,20/80,0.35,0.6266666666666667,0.07333333333333333
141,bing,True,FGSM,resnet,30/70,vgg,google,30/70,0.33666667,0.5333333333333333,0.14
142,bing,True,FGSM,resnet,30/70,vgg,google,40/60,0.32,0.28,0.36
143,bing,True,FGSM,resnet,30/70,vgg,google,50/50,0.34666666,0.14,0.5533333333333333
144,bing,True,FGSM,resnet,40/60,alexnet,bing,20/80,0.18505338,0.34074074074074073,0.0410958904109589
145,bing,True,FGSM,resnet,40/60,alexnet,bing,30/70,0.20422535,0.36764705882352944,0.05405405405405406
146,bing,True,FGSM,resnet,40/60,alexnet,bing,40/60,0.16549295,0.23741007194244604,0.09655172413793103
147,bing,True,FGSM,resnet,40/60,alexnet,bing,50/50,0.15277778,0.125,0.18055555555555555
148,bing,True,FGSM,resnet,40/60,resnet,bing,20/80,0.41868514,0.5285714285714286,0.31543624161073824
149,bing,True,FGSM,resnet,40/60,resnet,bing,30/70,0.4329897,0.5070422535211268,0.3624161073825503
150,bing,True,FGSM,resnet,40/60,resnet,bing,40/60,0.44027302,0.3013698630136986,0.5782312925170068
151,bing,True,FGSM,resnet,40/60,resnet,bing,50/50,0.4387755,0.2108843537414966,0.6666666666666666
152,bing,True,FGSM,resnet,40/60,vgg,bing,20/80,0.35416666,0.6571428571428571,0.06756756756756757
153,bing,True,FGSM,resnet,40/60,vgg,bing,30/70,0.3183391,0.4507042253521127,0.19047619047619047
154,bing,True,FGSM,resnet,40/60,vgg,bing,40/60,0.2979452,0.3310344827586207,0.2653061224489796
155,bing,True,FGSM,resnet,40/60,vgg,bing,50/50,0.2979452,0.2534246575342466,0.3424657534246575
156,bing,True,FGSM,resnet,40/60,alexnet,google,20/80,0.23333333,0.41333333333333333,0.05333333333333334
157,bing,True,FGSM,resnet,40/60,alexnet,google,30/70,0.21333334,0.36666666666666664,0.06
158,bing,True,FGSM,resnet,40/60,alexnet,google,40/60,0.15,0.14666666666666667,0.15333333333333332
159,bing,True,FGSM,resnet,40/60,alexnet,google,50/50,0.20333333,0.12666666666666668,0.28
160,bing,True,FGSM,resnet,40/60,resnet,google,20/80,0.42333335,0.5,0.3466666666666667
161,bing,True,FGSM,resnet,40/60,resnet,google,30/70,0.4466667,0.22,0.6733333333333333
162,bing,True,FGSM,resnet,40/60,resnet,google,40/60,0.43333334,0.14666666666666667,0.72
163,bing,True,FGSM,resnet,40/60,resnet,google,50/50,0.43,0.08,0.78
164,bing,True,FGSM,resnet,40/60,vgg,google,20/80,0.36,0.6266666666666667,0.09333333333333334
165,bing,True,FGSM,resnet,40/60,vgg,google,30/70,0.35333335,0.5533333333333333,0.15333333333333332
166,bing,True,FGSM,resnet,40/60,vgg,google,40/60,0.33,0.2866666666666667,0.37333333333333335
167,bing,True,FGSM,resnet,40/60,vgg,google,50/50,0.34,0.12666666666666668,0.5533333333333333
168,bing,True,FGSM,resnet,50/50,alexnet,bing,20/80,0.17437722,0.34074074074074073,0.02054794520547945
169,bing,True,FGSM,resnet,50/50,alexnet,bing,30/70,0.18309858,0.34558823529411764,0.033783783783783786
170,bing,True,FGSM,resnet,50/50,alexnet,bing,40/60,0.14436619,0.22302158273381295,0.06896551724137931
171,bing,True,FGSM,resnet,50/50,alexnet,bing,50/50,0.14236112,0.125,0.1597222222222222
172,bing,True,FGSM,resnet,50/50,resnet,bing,20/80,0.38408306,0.5071428571428571,0.2684563758389262
173,bing,True,FGSM,resnet,50/50,resnet,bing,30/70,0.4089347,0.4788732394366197,0.3422818791946309
174,bing,True,FGSM,resnet,50/50,resnet,bing,40/60,0.45051193,0.3013698630136986,0.5986394557823129
175,bing,True,FGSM,resnet,50/50,resnet,bing,50/50,0.4727891,0.24489795918367346,0.7006802721088435
176,bing,True,FGSM,resnet,50/50,vgg,bing,20/80,0.31597224,0.5857142857142857,0.060810810810810814
177,bing,True,FGSM,resnet,50/50,vgg,bing,30/70,0.2768166,0.38028169014084506,0.17687074829931973
178,bing,True,FGSM,resnet,50/50,vgg,bing,40/60,0.27739725,0.30344827586206896,0.25170068027210885
179,bing,True,FGSM,resnet,50/50,vgg,bing,50/50,0.29109588,0.2328767123287671,0.3493150684931507
180,bing,True,FGSM,resnet,50/50,alexnet,google,20/80,0.22666667,0.42,0.03333333333333333
181,bing,True,FGSM,resnet,50/50,alexnet,google,30/70,0.21000001,0.35333333333333333,0.06666666666666667
182,bing,True,FGSM,resnet,50/50,alexnet,google,40/60,0.18333334,0.16666666666666666,0.2
183,bing,True,FGSM,resnet,50/50,alexnet,google,50/50,0.18666667,0.09333333333333334,0.28
184,bing,True,FGSM,resnet,50/50,resnet,google,20/80,0.42000002,0.49333333333333335,0.3466666666666667
185,bing,True,FGSM,resnet,50/50,resnet,google,30/70,0.46666667,0.24,0.6933333333333334
186,bing,True,FGSM,resnet,50/50,resnet,google,40/60,0.47,0.20666666666666667,0.7333333333333333
187,bing,True,FGSM,resnet,50/50,resnet,google,50/50,0.45333335,0.08,0.8266666666666667
188,bing,True,FGSM,resnet,50/50,vgg,google,20/80,0.33666667,0.6,0.07333333333333333
189,bing,True,FGSM,resnet,50/50,vgg,google,30/70,0.33666667,0.5333333333333333,0.14
190,bing,True,FGSM,resnet,50/50,vgg,google,40/60,0.32,0.26666666666666666,0.37333333333333335
191,bing,True,FGSM,resnet,50/50,vgg,google,50/50,0.34666666,0.14,0.5533333333333333
192,bing,True,FGSM,vgg,20/80,alexnet,bing,20/80,0.14946619,0.2740740740740741,0.03424657534246575
193,bing,True,FGSM,vgg,20/80,alexnet,bing,30/70,0.15140845,0.3014705882352941,0.013513513513513514
194,bing,True,FGSM,vgg,20/80,alexnet,bing,40/60,0.109154925,0.15827338129496402,0.06206896551724138
195,bing,True,FGSM,vgg,20/80,alexnet,bing,50/50,0.104166664,0.10416666666666667,0.10416666666666667
196,bing,True,FGSM,vgg,20/80,resnet,bing,20/80,0.2283737,0.3142857142857143,0.1476510067114094
197,bing,True,FGSM,vgg,20/80,resnet,bing,30/70,0.19587629,0.28169014084507044,0.11409395973154363
198,bing,True,FGSM,vgg,20/80,resnet,bing,40/60,0.20477815,0.1506849315068493,0.2585034013605442
199,bing,True,FGSM,vgg,20/80,resnet,bing,50/50,0.2244898,0.09523809523809523,0.35374149659863946
200,bing,True,FGSM,vgg,20/80,vgg,bing,20/80,0.5381945,0.7571428571428571,0.3310810810810811
201,bing,True,FGSM,vgg,20/80,vgg,bing,30/70,0.49480972,0.5492957746478874,0.4421768707482993
202,bing,True,FGSM,vgg,20/80,vgg,bing,40/60,0.51369864,0.47586206896551725,0.5510204081632653
203,bing,True,FGSM,vgg,20/80,vgg,bing,50/50,0.46917808,0.3356164383561644,0.6027397260273972
204,bing,True,FGSM,vgg,20/80,alexnet,google,20/80,0.20333333,0.38666666666666666,0.02
205,bing,True,FGSM,vgg,20/80,alexnet,google,30/70,0.18,0.3,0.06
206,bing,True,FGSM,vgg,20/80,alexnet,google,40/60,0.15333334,0.17333333333333334,0.13333333333333333
207,bing,True,FGSM,vgg,20/80,alexnet,google,50/50,0.14333333,0.1,0.18666666666666668
208,bing,True,FGSM,vgg,20/80,resnet,google,20/80,0.22666667,0.32,0.13333333333333333
209,bing,True,FGSM,vgg,20/80,resnet,google,30/70,0.22666667,0.12,0.3333333333333333
210,bing,True,FGSM,vgg,20/80,resnet,google,40/60,0.23666668,0.08666666666666667,0.38666666666666666
211,bing,True,FGSM,vgg,20/80,resnet,google,50/50,0.27666667,0.03333333333333333,0.52
212,bing,True,FGSM,vgg,20/80,vgg,google,20/80,0.56333333,0.7933333333333333,0.3333333333333333
213,bing,True,FGSM,vgg,20/80,vgg,google,30/70,0.56666666,0.7266666666666667,0.4066666666666667
214,bing,True,FGSM,vgg,20/80,vgg,google,40/60,0.53333336,0.44,0.6266666666666667
215,bing,True,FGSM,vgg,20/80,vgg,google,50/50,0.46666667,0.24666666666666667,0.6866666666666666
216,bing,True,FGSM,vgg,30/70,alexnet,bing,20/80,0.13523132,0.24444444444444444,0.03424657534246575
217,bing,True,FGSM,vgg,30/70,alexnet,bing,30/70,0.14788732,0.27205882352941174,0.033783783783783786
218,bing,True,FGSM,vgg,30/70,alexnet,bing,40/60,0.112676054,0.16546762589928057,0.06206896551724138
219,bing,True,FGSM,vgg,30/70,alexnet,bing,50/50,0.11805556,0.11805555555555555,0.11805555555555555
220,bing,True,FGSM,vgg,30/70,resnet,bing,20/80,0.21799308,0.2857142857142857,0.15436241610738255
221,bing,True,FGSM,vgg,30/70,resnet,bing,30/70,0.20618556,0.2746478873239437,0.14093959731543623
222,bing,True,FGSM,vgg,30/70,resnet,bing,40/60,0.21160409,0.14383561643835616,0.2789115646258503
223,bing,True,FGSM,vgg,30/70,resnet,bing,50/50,0.21428572,0.09523809523809523,0.3333333333333333
224,bing,True,FGSM,vgg,30/70,vgg,bing,20/80,0.5034722,0.7142857142857143,0.30405405405405406
225,bing,True,FGSM,vgg,30/70,vgg,bing,30/70,0.50173014,0.5492957746478874,0.4557823129251701
226,bing,True,FGSM,vgg,30/70,vgg,bing,40/60,0.5239726,0.4896551724137931,0.5578231292517006
227,bing,True,FGSM,vgg,30/70,vgg,bing,50/50,0.510274,0.3698630136986301,0.6506849315068494
228,bing,True,FGSM,vgg,30/70,alexnet,google,20/80,0.21666667,0.4,0.03333333333333333
229,bing,True,FGSM,vgg,30/70,alexnet,google,30/70,0.17666668,0.29333333333333333,0.06
230,bing,True,FGSM,vgg,30/70,alexnet,google,40/60,0.15333334,0.16666666666666666,0.14
231,bing,True,FGSM,vgg,30/70,alexnet,google,50/50,0.14666668,0.10666666666666667,0.18666666666666668
232,bing,True,FGSM,vgg,30/70,resnet,google,20/80,0.22,0.32666666666666666,0.11333333333333333
233,bing,True,FGSM,vgg,30/70,resnet,google,30/70,0.24000001,0.13333333333333333,0.3466666666666667
234,bing,True,FGSM,vgg,30/70,resnet,google,40/60,0.24000001,0.08,0.4
235,bing,True,FGSM,vgg,30/70,resnet,google,50/50,0.28,0.04666666666666667,0.5133333333333333
236,bing,True,FGSM,vgg,30/70,vgg,google,20/80,0.5366667,0.7666666666666667,0.30666666666666664
237,bing,True,FGSM,vgg,30/70,vgg,google,30/70,0.55,0.68,0.42
238,bing,True,FGSM,vgg,30/70,vgg,google,40/60,0.53000003,0.4666666666666667,0.5933333333333334
239,bing,True,FGSM,vgg,30/70,vgg,google,50/50,0.46333334,0.24,0.6866666666666666
240,bing,True,FGSM,vgg,40/60,alexnet,bing,20/80,0.14946619,0.2740740740740741,0.03424657534246575
241,bing,True,FGSM,vgg,40/60,alexnet,bing,30/70,0.15492958,0.29411764705882354,0.02702702702702703
242,bing,True,FGSM,vgg,40/60,alexnet,bing,40/60,0.13028169,0.17985611510791366,0.08275862068965517
243,bing,True,FGSM,vgg,40/60,alexnet,bing,50/50,0.11805556,0.10416666666666667,0.13194444444444445
244,bing,True,FGSM,vgg,40/60,resnet,bing,20/80,0.20415226,0.2857142857142857,0.12751677852348994
245,bing,True,FGSM,vgg,40/60,resnet,bing,30/70,0.17525773,0.24647887323943662,0.10738255033557047
246,bing,True,FGSM,vgg,40/60,resnet,bing,40/60,0.21160409,0.13013698630136986,0.2925170068027211
247,bing,True,FGSM,vgg,40/60,resnet,bing,50/50,0.21428572,0.061224489795918366,0.3673469387755102
248,bing,True,FGSM,vgg,40/60,vgg,bing,20/80,0.5034722,0.7142857142857143,0.30405405405405406
249,bing,True,FGSM,vgg,40/60,vgg,bing,30/70,0.50173014,0.5422535211267606,0.46258503401360546
250,bing,True,FGSM,vgg,40/60,vgg,bing,40/60,0.5171233,0.4689655172413793,0.564625850340136
251,bing,True,FGSM,vgg,40/60,vgg,bing,50/50,0.5,0.3561643835616438,0.6438356164383562
252,bing,True,FGSM,vgg,40/60,alexnet,google,20/80,0.2,0.36666666666666664,0.03333333333333333
253,bing,True,FGSM,vgg,40/60,alexnet,google,30/70,0.17666668,0.2866666666666667,0.06666666666666667
254,bing,True,FGSM,vgg,40/60,alexnet,google,40/60,0.15,0.15333333333333332,0.14666666666666667
255,bing,True,FGSM,vgg,40/60,alexnet,google,50/50,0.15666667,0.11333333333333333,0.2
256,bing,True,FGSM,vgg,40/60,resnet,google,20/80,0.21000001,0.30666666666666664,0.11333333333333333
257,bing,True,FGSM,vgg,40/60,resnet,google,30/70,0.21000001,0.08666666666666667,0.3333333333333333
258,bing,True,FGSM,vgg,40/60,resnet,google,40/60,0.23,0.06,0.4
259,bing,True,FGSM,vgg,40/60,resnet,google,50/50,0.27333334,0.03333333333333333,0.5133333333333333
260,bing,True,FGSM,vgg,40/60,vgg,google,20/80,0.55,0.7866666666666666,0.31333333333333335
261,bing,True,FGSM,vgg,40/60,vgg,google,30/70,0.56666666,0.6866666666666666,0.44666666666666666
262,bing,True,FGSM,vgg,40/60,vgg,google,40/60,0.55333334,0.4866666666666667,0.62
263,bing,True,FGSM,vgg,40/60,vgg,google,50/50,0.49666667,0.28,0.7133333333333334
264,bing,True,FGSM,vgg,50/50,alexnet,bing,20/80,0.14590748,0.26666666666666666,0.03424657534246575
265,bing,True,FGSM,vgg,50/50,alexnet,bing,30/70,0.14788732,0.27941176470588236,0.02702702702702703
266,bing,True,FGSM,vgg,50/50,alexnet,bing,40/60,0.13380282,0.18705035971223022,0.08275862068965517
267,bing,True,FGSM,vgg,50/50,alexnet,bing,50/50,0.125,0.1111111111111111,0.1388888888888889
268,bing,True,FGSM,vgg,50/50,resnet,bing,20/80,0.19723184,0.2785714285714286,0.12080536912751678
269,bing,True,FGSM,vgg,50/50,resnet,bing,30/70,0.185567,0.2676056338028169,0.10738255033557047
270,bing,True,FGSM,vgg,50/50,resnet,bing,40/60,0.19453925,0.15753424657534246,0.23129251700680273
271,bing,True,FGSM,vgg,50/50,resnet,bing,50/50,0.21088435,0.07482993197278912,0.3469387755102041
272,bing,True,FGSM,vgg,50/50,vgg,bing,20/80,0.5104167,0.7428571428571429,0.2905405405405405
273,bing,True,FGSM,vgg,50/50,vgg,bing,30/70,0.50865054,0.5985915492957746,0.4217687074829932
274,bing,True,FGSM,vgg,50/50,vgg,bing,40/60,0.53424656,0.503448275862069,0.564625850340136
275,bing,True,FGSM,vgg,50/50,vgg,bing,50/50,0.53424656,0.3904109589041096,0.678082191780822
276,bing,True,FGSM,vgg,50/50,alexnet,google,20/80,0.22666667,0.41333333333333333,0.04
277,bing,True,FGSM,vgg,50/50,alexnet,google,30/70,0.18,0.29333333333333333,0.06666666666666667
278,bing,True,FGSM,vgg,50/50,alexnet,google,40/60,0.17,0.16666666666666666,0.17333333333333334
279,bing,True,FGSM,vgg,50/50,alexnet,google,50/50,0.15666667,0.09333333333333334,0.22
280,bing,True,FGSM,vgg,50/50,resnet,google,20/80,0.20333333,0.30666666666666664,0.1
281,bing,True,FGSM,vgg,50/50,resnet,google,30/70,0.22,0.12666666666666668,0.31333333333333335
282,bing,True,FGSM,vgg,50/50,resnet,google,40/60,0.23,0.07333333333333333,0.38666666666666666
283,bing,True,FGSM,vgg,50/50,resnet,google,50/50,0.27,0.03333333333333333,0.5066666666666667
284,bing,True,FGSM,vgg,50/50,vgg,google,20/80,0.53333336,0.7666666666666667,0.3
285,bing,True,FGSM,vgg,50/50,vgg,google,30/70,0.5733333,0.72,0.4266666666666667
286,bing,True,FGSM,vgg,50/50,vgg,google,40/60,0.55333334,0.48,0.6266666666666667
287,bing,True,FGSM,vgg,50/50,vgg,google,50/50,0.5,0.30666666666666664,0.6933333333333334
288,google,True,FGSM,alexnet,20/80,alexnet,bing,20/80,0.34,0.35333333333333333,0.32666666666666666
289,google,True,FGSM,alexnet,20/80,alexnet,bing,30/70,0.35,0.36666666666666664,0.3333333333333333
290,google,True,FGSM,alexnet,20/80,alexnet,bing,40/60,0.34333333,0.28,0.4066666666666667
291,google,True,FGSM,alexnet,20/80,alexnet,bing,50/50,0.36666667,0.24666666666666667,0.4866666666666667
292,google,True,FGSM,alexnet,20/80,resnet,bing,20/80,0.15,0.17333333333333334,0.12666666666666668
293,google,True,FGSM,alexnet,20/80,resnet,bing,30/70,0.120000005,0.14666666666666667,0.09333333333333334
294,google,True,FGSM,alexnet,20/80,resnet,bing,40/60,0.16333334,0.1,0.22666666666666666
295,google,True,FGSM,alexnet,20/80,resnet,bing,50/50,0.17666668,0.06,0.29333333333333333
296,google,True,FGSM,alexnet,20/80,vgg,bing,20/80,0.15666667,0.16,0.15333333333333332
297,google,True,FGSM,alexnet,20/80,vgg,bing,30/70,0.15666667,0.12666666666666668,0.18666666666666668
298,google,True,FGSM,alexnet,20/80,vgg,bing,40/60,0.17,0.1,0.24
299,google,True,FGSM,alexnet,20/80,vgg,bing,50/50,0.18666667,0.09333333333333334,0.28
300,google,True,FGSM,alexnet,20/80,alexnet,google,20/80,0.35714287,0.4142857142857143,0.3
301,google,True,FGSM,alexnet,20/80,alexnet,google,30/70,0.31294966,0.33093525179856115,0.2949640287769784
302,google,True,FGSM,alexnet,20/80,alexnet,google,40/60,0.33333334,0.2536231884057971,0.41304347826086957
303,google,True,FGSM,alexnet,20/80,alexnet,google,50/50,0.34444442,0.17777777777777778,0.5111111111111111
304,google,True,FGSM,alexnet,20/80,resnet,google,20/80,0.15972222,0.19444444444444445,0.125
305,google,True,FGSM,alexnet,20/80,resnet,google,30/70,0.17346938,0.1292517006802721,0.21768707482993196
306,google,True,FGSM,alexnet,20/80,resnet,google,40/60,0.17687075,0.06802721088435375,0.2857142857142857
307,google,True,FGSM,alexnet,20/80,resnet,google,50/50,0.20547944,0.0547945205479452,0.3561643835616438
308,google,True,FGSM,alexnet,20/80,vgg,google,20/80,0.1609589,0.18493150684931506,0.136986301369863
309,google,True,FGSM,alexnet,20/80,vgg,google,30/70,0.17465754,0.15753424657534246,0.1917808219178082
310,google,True,FGSM,alexnet,20/80,vgg,google,40/60,0.1722973,0.0945945945945946,0.25
311,google,True,FGSM,alexnet,20/80,vgg,google,50/50,0.18243244,0.060810810810810814,0.30405405405405406
312,google,True,FGSM,alexnet,30/70,alexnet,bing,20/80,0.34,0.3466666666666667,0.3333333333333333
313,google,True,FGSM,alexnet,30/70,alexnet,bing,30/70,0.34,0.34,0.34
314,google,True,FGSM,alexnet,30/70,alexnet,bing,40/60,0.32333335,0.25333333333333335,0.3933333333333333
315,google,True,FGSM,alexnet,30/70,alexnet,bing,50/50,0.32,0.19333333333333333,0.44666666666666666
316,google,True,FGSM,alexnet,30/70,resnet,bing,20/80,0.120000005,0.12,0.12
317,google,True,FGSM,alexnet,30/70,resnet,bing,30/70,0.07666667,0.08666666666666667,0.06666666666666667
318,google,True,FGSM,alexnet,30/70,resnet,bing,40/60,0.12666667,0.06666666666666667,0.18666666666666668
319,google,True,FGSM,alexnet,30/70,resnet,bing,50/50,0.16,0.04666666666666667,0.2733333333333333
320,google,True,FGSM,alexnet,30/70,vgg,bing,20/80,0.14,0.15333333333333332,0.12666666666666668
321,google,True,FGSM,alexnet,30/70,vgg,bing,30/70,0.13333334,0.12666666666666668,0.14
322,google,True,FGSM,alexnet,30/70,vgg,bing,40/60,0.14333333,0.08666666666666667,0.2
323,google,True,FGSM,alexnet,30/70,vgg,bing,50/50,0.14666668,0.07333333333333333,0.22
324,google,True,FGSM,alexnet,30/70,alexnet,google,20/80,0.29642856,0.34285714285714286,0.25
325,google,True,FGSM,alexnet,30/70,alexnet,google,30/70,0.29856116,0.31654676258992803,0.2805755395683453
326,google,True,FGSM,alexnet,30/70,alexnet,google,40/60,0.26449275,0.16666666666666666,0.36231884057971014
327,google,True,FGSM,alexnet,30/70,alexnet,google,50/50,0.27777776,0.1259259259259259,0.42962962962962964
328,google,True,FGSM,alexnet,30/70,resnet,google,20/80,0.125,0.1527777777777778,0.09722222222222222
329,google,True,FGSM,alexnet,30/70,resnet,google,30/70,0.14965986,0.08843537414965986,0.2108843537414966
330,google,True,FGSM,alexnet,30/70,resnet,google,40/60,0.14965986,0.04081632653061224,0.2585034013605442
331,google,True,FGSM,alexnet,30/70,resnet,google,50/50,0.17123288,0.03424657534246575,0.3082191780821918
332,google,True,FGSM,alexnet,30/70,vgg,google,20/80,0.12671232,0.1780821917808219,0.07534246575342465
333,google,True,FGSM,alexnet,30/70,vgg,google,30/70,0.1369863,0.1506849315068493,0.1232876712328767
334,google,True,FGSM,alexnet,30/70,vgg,google,40/60,0.13175675,0.07432432432432433,0.1891891891891892
335,google,True,FGSM,alexnet,30/70,vgg,google,50/50,0.1418919,0.04054054054054054,0.24324324324324326
336,google,True,FGSM,alexnet,40/60,alexnet,bing,20/80,0.31333333,0.34,0.2866666666666667
337,google,True,FGSM,alexnet,40/60,alexnet,bing,30/70,0.30333334,0.32,0.2866666666666667
338,google,True,FGSM,alexnet,40/60,alexnet,bing,40/60,0.29333335,0.26,0.32666666666666666
339,google,True,FGSM,alexnet,40/60,alexnet,bing,50/50,0.31666666,0.20666666666666667,0.4266666666666667
340,google,True,FGSM,alexnet,40/60,resnet,bing,20/80,0.14,0.16666666666666666,0.11333333333333333
341,google,True,FGSM,alexnet,40/60,resnet,bing,30/70,0.11666667,0.14666666666666667,0.08666666666666667
342,google,True,FGSM,alexnet,40/60,resnet,bing,40/60,0.11333334,0.08,0.14666666666666667
343,google,True,FGSM,alexnet,40/60,resnet,bing,50/50,0.13666667,0.04,0.23333333333333334
344,google,True,FGSM,alexnet,40/60,vgg,bing,20/80,0.12666667,0.13333333333333333,0.12
345,google,True,FGSM,alexnet,40/60,vgg,bing,30/70,0.123333335,0.10666666666666667,0.14
346,google,True,FGSM,alexnet,40/60,vgg,bing,40/60,0.13666667,0.08666666666666667,0.18666666666666668
347,google,True,FGSM,alexnet,40/60,vgg,bing,50/50,0.13666667,0.06,0.21333333333333335
348,google,True,FGSM,alexnet,40/60,alexnet,google,20/80,0.25714287,0.29285714285714287,0.22142857142857142
349,google,True,FGSM,alexnet,40/60,alexnet,google,30/70,0.26618704,0.28776978417266186,0.2446043165467626
350,google,True,FGSM,alexnet,40/60,alexnet,google,40/60,0.2826087,0.2028985507246377,0.36231884057971014
351,google,True,FGSM,alexnet,40/60,alexnet,google,50/50,0.25925925,0.1259259259259259,0.3925925925925926
352,google,True,FGSM,alexnet,40/60,resnet,google,20/80,0.11111111,0.1597222222222222,0.0625
353,google,True,FGSM,alexnet,40/60,resnet,google,30/70,0.12244898,0.07482993197278912,0.17006802721088435
354,google,True,FGSM,alexnet,40/60,resnet,google,40/60,0.13265306,0.047619047619047616,0.21768707482993196
355,google,True,FGSM,alexnet,40/60,resnet,google,50/50,0.17123288,0.04794520547945205,0.2945205479452055
356,google,True,FGSM,alexnet,40/60,vgg,google,20/80,0.11643836,0.15753424657534246,0.07534246575342465
357,google,True,FGSM,alexnet,40/60,vgg,google,30/70,0.12328767,0.1095890410958904,0.136986301369863
358,google,True,FGSM,alexnet,40/60,vgg,google,40/60,0.13513514,0.06756756756756757,0.20270270270270271
359,google,True,FGSM,alexnet,40/60,vgg,google,50/50,0.1418919,0.0472972972972973,0.23648648648648649
360,google,True,FGSM,alexnet,50/50,alexnet,bing,20/80,0.29666668,0.3,0.29333333333333333
361,google,True,FGSM,alexnet,50/50,alexnet,bing,30/70,0.29666668,0.2866666666666667,0.30666666666666664
362,google,True,FGSM,alexnet,50/50,alexnet,bing,40/60,0.31333333,0.25333333333333335,0.37333333333333335
363,google,True,FGSM,alexnet,50/50,alexnet,bing,50/50,0.30666667,0.18666666666666668,0.4266666666666667
364,google,True,FGSM,alexnet,50/50,resnet,bing,20/80,0.12666667,0.14,0.11333333333333333
365,google,True,FGSM,alexnet,50/50,resnet,bing,30/70,0.09666667,0.11333333333333333,0.08
366,google,True,FGSM,alexnet,50/50,resnet,bing,40/60,0.120000005,0.04666666666666667,0.19333333333333333
367,google,True,FGSM,alexnet,50/50,resnet,bing,50/50,0.13666667,0.03333333333333333,0.24
368,google,True,FGSM,alexnet,50/50,vgg,bing,20/80,0.13000001,0.12666666666666668,0.13333333333333333
369,google,True,FGSM,alexnet,50/50,vgg,bing,30/70,0.10666667,0.07333333333333333,0.14
370,google,True,FGSM,alexnet,50/50,vgg,bing,40/60,0.13333334,0.05333333333333334,0.21333333333333335
371,google,True,FGSM,alexnet,50/50,vgg,bing,50/50,0.13333334,0.04,0.22666666666666666
372,google,True,FGSM,alexnet,50/50,alexnet,google,20/80,0.25714287,0.2642857142857143,0.25
373,google,True,FGSM,alexnet,50/50,alexnet,google,30/70,0.25539568,0.23741007194244604,0.2733812949640288
374,google,True,FGSM,alexnet,50/50,alexnet,google,40/60,0.27173913,0.18840579710144928,0.35507246376811596
375,google,True,FGSM,alexnet,50/50,alexnet,google,50/50,0.26666665,0.1111111111111111,0.4222222222222222
376,google,True,FGSM,alexnet,50/50,resnet,google,20/80,0.114583336,0.14583333333333334,0.08333333333333333
377,google,True,FGSM,alexnet,50/50,resnet,google,30/70,0.10204081,0.08163265306122448,0.12244897959183673
378,google,True,FGSM,alexnet,50/50,resnet,google,40/60,0.105442174,0.013605442176870748,0.19727891156462585
379,google,True,FGSM,alexnet,50/50,resnet,google,50/50,0.14041096,0.0136986301369863,0.2671232876712329
380,google,True,FGSM,alexnet,50/50,vgg,google,20/80,0.09931507,0.1232876712328767,0.07534246575342465
381,google,True,FGSM,alexnet,50/50,vgg,google,30/70,0.09931507,0.06164383561643835,0.136986301369863
382,google,True,FGSM,alexnet,50/50,vgg,google,40/60,0.13175675,0.0472972972972973,0.21621621621621623
383,google,True,FGSM,alexnet,50/50,vgg,google,50/50,0.13851352,0.013513513513513514,0.2635135135135135
384,google,True,FGSM,resnet,20/80,alexnet,bing,20/80,0.11333334,0.17333333333333334,0.05333333333333334
385,google,True,FGSM,resnet,20/80,alexnet,bing,30/70,0.12666667,0.18,0.07333333333333333
386,google,True,FGSM,resnet,20/80,alexnet,bing,40/60,0.10666667,0.12,0.09333333333333334
387,google,True,FGSM,resnet,20/80,alexnet,bing,50/50,0.09666667,0.07333333333333333,0.12
388,google,True,FGSM,resnet,20/80,resnet,bing,20/80,0.29333335,0.32,0.26666666666666666
389,google,True,FGSM,resnet,20/80,resnet,bing,30/70,0.24333334,0.2866666666666667,0.2
390,google,True,FGSM,resnet,20/80,resnet,bing,40/60,0.25333333,0.16,0.3466666666666667
391,google,True,FGSM,resnet,20/80,resnet,bing,50/50,0.27,0.10666666666666667,0.43333333333333335
392,google,True,FGSM,resnet,20/80,vgg,bing,20/80,0.16,0.18666666666666668,0.13333333333333333
393,google,True,FGSM,resnet,20/80,vgg,bing,30/70,0.15666667,0.16,0.15333333333333332
394,google,True,FGSM,resnet,20/80,vgg,bing,40/60,0.15333334,0.08666666666666667,0.22
395,google,True,FGSM,resnet,20/80,vgg,bing,50/50,0.16,0.06666666666666667,0.25333333333333335
396,google,True,FGSM,resnet,20/80,alexnet,google,20/80,0.1,0.15714285714285714,0.04285714285714286
397,google,True,FGSM,resnet,20/80,alexnet,google,30/70,0.07194245,0.10071942446043165,0.04316546762589928
398,google,True,FGSM,resnet,20/80,alexnet,google,40/60,0.061594203,0.057971014492753624,0.06521739130434782
399,google,True,FGSM,resnet,20/80,alexnet,google,50/50,0.04444444,0.022222222222222223,0.06666666666666667
400,google,True,FGSM,resnet,20/80,resnet,google,20/80,0.34722224,0.3680555555555556,0.3263888888888889
401,google,True,FGSM,resnet,20/80,resnet,google,30/70,0.30272108,0.22448979591836735,0.38095238095238093
402,google,True,FGSM,resnet,20/80,resnet,google,40/60,0.30272108,0.17006802721088435,0.43537414965986393
403,google,True,FGSM,resnet,20/80,resnet,google,50/50,0.30136985,0.0958904109589041,0.5068493150684932
404,google,True,FGSM,resnet,20/80,vgg,google,20/80,0.2020548,0.2876712328767123,0.11643835616438356
405,google,True,FGSM,resnet,20/80,vgg,google,30/70,0.17123288,0.1780821917808219,0.1643835616438356
406,google,True,FGSM,resnet,20/80,vgg,google,40/60,0.16891892,0.10810810810810811,0.22972972972972974
407,google,True,FGSM,resnet,20/80,vgg,google,50/50,0.16554055,0.05405405405405406,0.27702702702702703
408,google,True,FGSM,resnet,30/70,alexnet,bing,20/80,0.11666667,0.17333333333333334,0.06
409,google,True,FGSM,resnet,30/70,alexnet,bing,30/70,0.11,0.14,0.08
410,google,True,FGSM,resnet,30/70,alexnet,bing,40/60,0.10666667,0.11333333333333333,0.1
411,google,True,FGSM,resnet,30/70,alexnet,bing,50/50,0.09666667,0.08666666666666667,0.10666666666666667
412,google,True,FGSM,resnet,30/70,resnet,bing,20/80,0.29333335,0.31333333333333335,0.2733333333333333
413,google,True,FGSM,resnet,30/70,resnet,bing,30/70,0.27333334,0.3,0.24666666666666667
414,google,True,FGSM,resnet,30/70,resnet,bing,40/60,0.27333334,0.17333333333333334,0.37333333333333335
415,google,True,FGSM,resnet,30/70,resnet,bing,50/50,0.3,0.12666666666666668,0.47333333333333333
416,google,True,FGSM,resnet,30/70,vgg,bing,20/80,0.15,0.18,0.12
417,google,True,FGSM,resnet,30/70,vgg,bing,30/70,0.15,0.14666666666666667,0.15333333333333332
418,google,True,FGSM,resnet,30/70,vgg,bing,40/60,0.16333334,0.08666666666666667,0.24
419,google,True,FGSM,resnet,30/70,vgg,bing,50/50,0.17333333,0.09333333333333334,0.25333333333333335
420,google,True,FGSM,resnet,30/70,alexnet,google,20/80,0.08928572,0.14285714285714285,0.03571428571428571
421,google,True,FGSM,resnet,30/70,alexnet,google,30/70,0.07194245,0.10071942446043165,0.04316546762589928
