,source_dataset,isMath,attack,source_model,source_balancing,target_model,target_dataset,target_balancing,asr,asr_0,asr_1
0,bing,True,BIM,alexnet,20/80,alexnet,bing,20/80,0.4911032,0.674074074074074,0.3219178082191781
1,bing,True,BIM,alexnet,20/80,alexnet,bing,30/70,0.47183096,0.6397058823529411,0.31756756756756754
2,bing,True,BIM,alexnet,20/80,alexnet,bing,40/60,0.46830985,0.539568345323741,0.4
3,bing,True,BIM,alexnet,20/80,alexnet,bing,50/50,0.44444445,0.5138888888888888,0.375
4,bing,True,BIM,alexnet,20/80,resnet,bing,20/80,0.20415226,0.30714285714285716,0.10738255033557047
5,bing,True,BIM,alexnet,20/80,resnet,bing,30/70,0.20618556,0.3380281690140845,0.08053691275167785
6,bing,True,BIM,alexnet,20/80,resnet,bing,40/60,0.18430033,0.2465753424657534,0.12244897959183673
7,bing,True,BIM,alexnet,20/80,resnet,bing,50/50,0.15986395,0.1292517006802721,0.19047619047619047
8,bing,True,BIM,alexnet,20/80,vgg,bing,20/80,0.20833333,0.32142857142857145,0.10135135135135136
9,bing,True,BIM,alexnet,20/80,vgg,bing,30/70,0.21453288,0.33098591549295775,0.10204081632653061
10,bing,True,BIM,alexnet,20/80,vgg,bing,40/60,0.2260274,0.30344827586206896,0.14965986394557823
11,bing,True,BIM,alexnet,20/80,vgg,bing,50/50,0.19178082,0.2671232876712329,0.11643835616438356
12,bing,True,BIM,alexnet,20/80,alexnet,google,20/80,0.49666667,0.6533333333333333,0.34
13,bing,True,BIM,alexnet,20/80,alexnet,google,30/70,0.4766667,0.5866666666666667,0.36666666666666664
14,bing,True,BIM,alexnet,20/80,alexnet,google,40/60,0.44333336,0.5333333333333333,0.35333333333333333
15,bing,True,BIM,alexnet,20/80,alexnet,google,50/50,0.40666667,0.4066666666666667,0.4066666666666667
16,bing,True,BIM,alexnet,20/80,resnet,google,20/80,0.22,0.32666666666666666,0.11333333333333333
17,bing,True,BIM,alexnet,20/80,resnet,google,30/70,0.21000001,0.2733333333333333,0.14666666666666667
18,bing,True,BIM,alexnet,20/80,resnet,google,40/60,0.2,0.21333333333333335,0.18666666666666668
19,bing,True,BIM,alexnet,20/80,resnet,google,50/50,0.21333334,0.17333333333333334,0.25333333333333335
20,bing,True,BIM,alexnet,20/80,vgg,google,20/80,0.25333333,0.36,0.14666666666666667
21,bing,True,BIM,alexnet,20/80,vgg,google,30/70,0.25666666,0.36,0.15333333333333332
22,bing,True,BIM,alexnet,20/80,vgg,google,40/60,0.24000001,0.29333333333333333,0.18666666666666668
23,bing,True,BIM,alexnet,20/80,vgg,google,50/50,0.22666667,0.25333333333333335,0.2
24,bing,True,BIM,alexnet,30/70,alexnet,bing,20/80,0.4911032,0.6888888888888889,0.3082191780821918
25,bing,True,BIM,alexnet,30/70,alexnet,bing,30/70,0.4894366,0.6691176470588235,0.32432432432432434
26,bing,True,BIM,alexnet,30/70,alexnet,bing,40/60,0.47887322,0.5755395683453237,0.38620689655172413
27,bing,True,BIM,alexnet,30/70,alexnet,bing,50/50,0.47222224,0.5555555555555556,0.3888888888888889
28,bing,True,BIM,alexnet,30/70,resnet,bing,20/80,0.19031143,0.2857142857142857,0.10067114093959731
29,bing,True,BIM,alexnet,30/70,resnet,bing,30/70,0.209622,0.34507042253521125,0.08053691275167785
30,bing,True,BIM,alexnet,30/70,resnet,bing,40/60,0.20477815,0.23972602739726026,0.17006802721088435
31,bing,True,BIM,alexnet,30/70,resnet,bing,50/50,0.17687075,0.14965986394557823,0.20408163265306123
32,bing,True,BIM,alexnet,30/70,vgg,bing,20/80,0.23958333,0.36428571428571427,0.12162162162162163
33,bing,True,BIM,alexnet,30/70,vgg,bing,30/70,0.23875433,0.38028169014084506,0.10204081632653061
34,bing,True,BIM,alexnet,30/70,vgg,bing,40/60,0.23630136,0.2896551724137931,0.1836734693877551
35,bing,True,BIM,alexnet,30/70,vgg,bing,50/50,0.21232876,0.273972602739726,0.1506849315068493
36,bing,True,BIM,alexnet,30/70,alexnet,google,20/80,0.50333333,0.6533333333333333,0.35333333333333333
37,bing,True,BIM,alexnet,30/70,alexnet,google,30/70,0.48333335,0.5933333333333334,0.37333333333333335
38,bing,True,BIM,alexnet,30/70,alexnet,google,40/60,0.48666668,0.58,0.3933333333333333
39,bing,True,BIM,alexnet,30/70,alexnet,google,50/50,0.4466667,0.44666666666666666,0.44666666666666666
40,bing,True,BIM,alexnet,30/70,resnet,google,20/80,0.25,0.3466666666666667,0.15333333333333332
41,bing,True,BIM,alexnet,30/70,resnet,google,30/70,0.23,0.28,0.18
42,bing,True,BIM,alexnet,30/70,resnet,google,40/60,0.23,0.23333333333333334,0.22666666666666666
43,bing,True,BIM,alexnet,30/70,resnet,google,50/50,0.21666667,0.17333333333333334,0.26
44,bing,True,BIM,alexnet,30/70,vgg,google,20/80,0.28333333,0.38666666666666666,0.18
45,bing,True,BIM,alexnet,30/70,vgg,google,30/70,0.28333333,0.38,0.18666666666666668
46,bing,True,BIM,alexnet,30/70,vgg,google,40/60,0.25,0.29333333333333333,0.20666666666666667
47,bing,True,BIM,alexnet,30/70,vgg,google,50/50,0.22333334,0.23333333333333334,0.21333333333333335
48,bing,True,BIM,alexnet,40/60,alexnet,bing,20/80,0.46975088,0.6888888888888889,0.2671232876712329
49,bing,True,BIM,alexnet,40/60,alexnet,bing,30/70,0.45774648,0.6544117647058824,0.27702702702702703
50,bing,True,BIM,alexnet,40/60,alexnet,bing,40/60,0.49647886,0.6474820143884892,0.35172413793103446
51,bing,True,BIM,alexnet,40/60,alexnet,bing,50/50,0.4965278,0.6041666666666666,0.3888888888888889
52,bing,True,BIM,alexnet,40/60,resnet,bing,20/80,0.1799308,0.2785714285714286,0.087248322147651
53,bing,True,BIM,alexnet,40/60,resnet,bing,30/70,0.18213059,0.28169014084507044,0.087248322147651
54,bing,True,BIM,alexnet,40/60,resnet,bing,40/60,0.15358362,0.1780821917808219,0.1292517006802721
55,bing,True,BIM,alexnet,40/60,resnet,bing,50/50,0.17346938,0.1564625850340136,0.19047619047619047
56,bing,True,BIM,alexnet,40/60,vgg,bing,20/80,0.20833333,0.3357142857142857,0.08783783783783784
57,bing,True,BIM,alexnet,40/60,vgg,bing,30/70,0.20415226,0.323943661971831,0.08843537414965986
58,bing,True,BIM,alexnet,40/60,vgg,bing,40/60,0.19520548,0.2413793103448276,0.14965986394557823
59,bing,True,BIM,alexnet,40/60,vgg,bing,50/50,0.19863014,0.273972602739726,0.1232876712328767
60,bing,True,BIM,alexnet,40/60,alexnet,google,20/80,0.5,0.7,0.3
61,bing,True,BIM,alexnet,40/60,alexnet,google,30/70,0.48000002,0.6333333333333333,0.32666666666666666
62,bing,True,BIM,alexnet,40/60,alexnet,google,40/60,0.45666668,0.5533333333333333,0.36
63,bing,True,BIM,alexnet,40/60,alexnet,google,50/50,0.43666667,0.4666666666666667,0.4066666666666667
64,bing,True,BIM,alexnet,40/60,resnet,google,20/80,0.21333334,0.31333333333333335,0.11333333333333333
65,bing,True,BIM,alexnet,40/60,resnet,google,30/70,0.19333334,0.23333333333333334,0.15333333333333332
66,bing,True,BIM,alexnet,40/60,resnet,google,40/60,0.18666667,0.20666666666666667,0.16666666666666666
67,bing,True,BIM,alexnet,40/60,resnet,google,50/50,0.2,0.14666666666666667,0.25333333333333335
68,bing,True,BIM,alexnet,40/60,vgg,google,20/80,0.22333334,0.31333333333333335,0.13333333333333333
69,bing,True,BIM,alexnet,40/60,vgg,google,30/70,0.23,0.31333333333333335,0.14666666666666667
70,bing,True,BIM,alexnet,40/60,vgg,google,40/60,0.22,0.26666666666666666,0.17333333333333334
71,bing,True,BIM,alexnet,40/60,vgg,google,50/50,0.19666667,0.22,0.17333333333333334
72,bing,True,BIM,alexnet,50/50,alexnet,bing,20/80,0.50889677,0.725925925925926,0.3082191780821918
73,bing,True,BIM,alexnet,50/50,alexnet,bing,30/70,0.5140845,0.7132352941176471,0.3310810810810811
74,bing,True,BIM,alexnet,50/50,alexnet,bing,40/60,0.5246479,0.6690647482014388,0.38620689655172413
75,bing,True,BIM,alexnet,50/50,alexnet,bing,50/50,0.5486111,0.6527777777777778,0.4444444444444444
76,bing,True,BIM,alexnet,50/50,resnet,bing,20/80,0.23875433,0.35714285714285715,0.12751677852348994
77,bing,True,BIM,alexnet,50/50,resnet,bing,30/70,0.22680412,0.36619718309859156,0.09395973154362416
78,bing,True,BIM,alexnet,50/50,resnet,bing,40/60,0.22525597,0.273972602739726,0.17687074829931973
79,bing,True,BIM,alexnet,50/50,resnet,bing,50/50,0.22789115,0.2108843537414966,0.24489795918367346
80,bing,True,BIM,alexnet,50/50,vgg,bing,20/80,0.2326389,0.35714285714285715,0.11486486486486487
81,bing,True,BIM,alexnet,50/50,vgg,bing,30/70,0.24567474,0.38028169014084506,0.11564625850340136
82,bing,True,BIM,alexnet,50/50,vgg,bing,40/60,0.2260274,0.296551724137931,0.1564625850340136
83,bing,True,BIM,alexnet,50/50,vgg,bing,50/50,0.21917808,0.2876712328767123,0.1506849315068493
84,bing,True,BIM,alexnet,50/50,alexnet,google,20/80,0.5266667,0.7133333333333334,0.34
85,bing,True,BIM,alexnet,50/50,alexnet,google,30/70,0.5266667,0.6666666666666666,0.38666666666666666
86,bing,True,BIM,alexnet,50/50,alexnet,google,40/60,0.49666667,0.5866666666666667,0.4066666666666667
87,bing,True,BIM,alexnet,50/50,alexnet,google,50/50,0.48333335,0.49333333333333335,0.47333333333333333
88,bing,True,BIM,alexnet,50/50,resnet,google,20/80,0.25666666,0.36666666666666664,0.14666666666666667
89,bing,True,BIM,alexnet,50/50,resnet,google,30/70,0.24666667,0.30666666666666664,0.18666666666666668
90,bing,True,BIM,alexnet,50/50,resnet,google,40/60,0.23666668,0.24666666666666667,0.22666666666666666
91,bing,True,BIM,alexnet,50/50,resnet,google,50/50,0.23666668,0.2,0.2733333333333333
92,bing,True,BIM,alexnet,50/50,vgg,google,20/80,0.28,0.38666666666666666,0.17333333333333334
93,bing,True,BIM,alexnet,50/50,vgg,google,30/70,0.27666667,0.38,0.17333333333333334
94,bing,True,BIM,alexnet,50/50,vgg,google,40/60,0.27333334,0.32,0.22666666666666666
95,bing,True,BIM,alexnet,50/50,vgg,google,50/50,0.25333333,0.2733333333333333,0.23333333333333334
96,bing,True,BIM,resnet,20/80,alexnet,bing,20/80,0.085409254,0.15555555555555556,0.02054794520547945
97,bing,True,BIM,resnet,20/80,alexnet,bing,30/70,0.049295776,0.07352941176470588,0.02702702702702703
98,bing,True,BIM,resnet,20/80,alexnet,bing,40/60,0.04225352,0.05755395683453238,0.027586206896551724
99,bing,True,BIM,resnet,20/80,alexnet,bing,50/50,0.034722224,0.041666666666666664,0.027777777777777776
100,bing,True,BIM,resnet,20/80,resnet,bing,20/80,0.24221455,0.35714285714285715,0.1342281879194631
101,bing,True,BIM,resnet,20/80,resnet,bing,30/70,0.21649484,0.33098591549295775,0.10738255033557047
102,bing,True,BIM,resnet,20/80,resnet,bing,40/60,0.19453925,0.22602739726027396,0.16326530612244897
103,bing,True,BIM,resnet,20/80,resnet,bing,50/50,0.18367347,0.1564625850340136,0.2108843537414966
104,bing,True,BIM,resnet,20/80,vgg,bing,20/80,0.09375,0.15,0.04054054054054054
105,bing,True,BIM,resnet,20/80,vgg,bing,30/70,0.09342561,0.14084507042253522,0.047619047619047616
106,bing,True,BIM,resnet,20/80,vgg,bing,40/60,0.08219178,0.0896551724137931,0.07482993197278912
107,bing,True,BIM,resnet,20/80,vgg,bing,50/50,0.08561644,0.0958904109589041,0.07534246575342465
108,bing,True,BIM,resnet,20/80,alexnet,google,20/80,0.11,0.22,0.0
109,bing,True,BIM,resnet,20/80,alexnet,google,30/70,0.09666667,0.16666666666666666,0.02666666666666667
110,bing,True,BIM,resnet,20/80,alexnet,google,40/60,0.07,0.08666666666666667,0.05333333333333334
111,bing,True,BIM,resnet,20/80,alexnet,google,50/50,0.07666667,0.08,0.07333333333333333
112,bing,True,BIM,resnet,20/80,resnet,google,20/80,0.19666667,0.28,0.11333333333333333
113,bing,True,BIM,resnet,20/80,resnet,google,30/70,0.20333333,0.26,0.14666666666666667
114,bing,True,BIM,resnet,20/80,resnet,google,40/60,0.19,0.18,0.2
115,bing,True,BIM,resnet,20/80,resnet,google,50/50,0.18666667,0.14666666666666667,0.22666666666666666
116,bing,True,BIM,resnet,20/80,vgg,google,20/80,0.11666667,0.18666666666666668,0.04666666666666667
117,bing,True,BIM,resnet,20/80,vgg,google,30/70,0.09666667,0.14,0.05333333333333334
118,bing,True,BIM,resnet,20/80,vgg,google,40/60,0.09666667,0.11333333333333333,0.08
119,bing,True,BIM,resnet,20/80,vgg,google,50/50,0.09666667,0.08666666666666667,0.10666666666666667
120,bing,True,BIM,resnet,30/70,alexnet,bing,20/80,0.081850536,0.15555555555555556,0.0136986301369863
121,bing,True,BIM,resnet,30/70,alexnet,bing,30/70,0.04225352,0.08088235294117647,0.006756756756756757
122,bing,True,BIM,resnet,30/70,alexnet,bing,40/60,0.038732395,0.05755395683453238,0.020689655172413793
123,bing,True,BIM,resnet,30/70,alexnet,bing,50/50,0.038194444,0.041666666666666664,0.034722222222222224
124,bing,True,BIM,resnet,30/70,resnet,bing,20/80,0.23183392,0.36428571428571427,0.10738255033557047
125,bing,True,BIM,resnet,30/70,resnet,bing,30/70,0.21993127,0.352112676056338,0.09395973154362416
126,bing,True,BIM,resnet,30/70,resnet,bing,40/60,0.19112627,0.2465753424657534,0.1360544217687075
127,bing,True,BIM,resnet,30/70,resnet,bing,50/50,0.1462585,0.1360544217687075,0.1564625850340136
128,bing,True,BIM,resnet,30/70,vgg,bing,20/80,0.104166664,0.17142857142857143,0.04054054054054054
129,bing,True,BIM,resnet,30/70,vgg,bing,30/70,0.09342561,0.15492957746478872,0.034013605442176874
130,bing,True,BIM,resnet,30/70,vgg,bing,40/60,0.07534246,0.08275862068965517,0.06802721088435375
131,bing,True,BIM,resnet,30/70,vgg,bing,50/50,0.06849315,0.08904109589041095,0.04794520547945205
132,bing,True,BIM,resnet,30/70,alexnet,google,20/80,0.1,0.19333333333333333,0.006666666666666667
133,bing,True,BIM,resnet,30/70,alexnet,google,30/70,0.09,0.17333333333333334,0.006666666666666667
134,bing,True,BIM,resnet,30/70,alexnet,google,40/60,0.08,0.1,0.06
135,bing,True,BIM,resnet,30/70,alexnet,google,50/50,0.093333334,0.09333333333333334,0.09333333333333334
136,bing,True,BIM,resnet,30/70,resnet,google,20/80,0.21000001,0.30666666666666664,0.11333333333333333
137,bing,True,BIM,resnet,30/70,resnet,google,30/70,0.2,0.26666666666666666,0.13333333333333333
138,bing,True,BIM,resnet,30/70,resnet,google,40/60,0.17333333,0.18,0.16666666666666666
139,bing,True,BIM,resnet,30/70,resnet,google,50/50,0.17333333,0.13333333333333333,0.21333333333333335
140,bing,True,BIM,resnet,30/70,vgg,google,20/80,0.13000001,0.20666666666666667,0.05333333333333334
141,bing,True,BIM,resnet,30/70,vgg,google,30/70,0.11666667,0.16666666666666666,0.06666666666666667
142,bing,True,BIM,resnet,30/70,vgg,google,40/60,0.093333334,0.1,0.08666666666666667
143,bing,True,BIM,resnet,30/70,vgg,google,50/50,0.09,0.08666666666666667,0.09333333333333334
144,bing,True,BIM,resnet,40/60,alexnet,bing,20/80,0.06761566,0.13333333333333333,0.00684931506849315
145,bing,True,BIM,resnet,40/60,alexnet,bing,30/70,0.045774646,0.08088235294117647,0.013513513513513514
146,bing,True,BIM,resnet,40/60,alexnet,bing,40/60,0.038732395,0.07194244604316546,0.006896551724137931
147,bing,True,BIM,resnet,40/60,alexnet,bing,50/50,0.034722224,0.04861111111111111,0.020833333333333332
148,bing,True,BIM,resnet,40/60,resnet,bing,20/80,0.2214533,0.36428571428571427,0.087248322147651
149,bing,True,BIM,resnet,40/60,resnet,bing,30/70,0.24742268,0.4154929577464789,0.087248322147651
150,bing,True,BIM,resnet,40/60,resnet,bing,40/60,0.20477815,0.2534246575342466,0.1564625850340136
151,bing,True,BIM,resnet,40/60,resnet,bing,50/50,0.19047618,0.19727891156462585,0.1836734693877551
152,bing,True,BIM,resnet,40/60,vgg,bing,20/80,0.104166664,0.18571428571428572,0.02702702702702703
153,bing,True,BIM,resnet,40/60,vgg,bing,30/70,0.11764706,0.19718309859154928,0.04081632653061224
154,bing,True,BIM,resnet,40/60,vgg,bing,40/60,0.08561644,0.1103448275862069,0.061224489795918366
155,bing,True,BIM,resnet,40/60,vgg,bing,50/50,0.09246575,0.11643835616438356,0.0684931506849315
156,bing,True,BIM,resnet,40/60,alexnet,google,20/80,0.11333334,0.22,0.006666666666666667
157,bing,True,BIM,resnet,40/60,alexnet,google,30/70,0.10666667,0.19333333333333333,0.02
158,bing,True,BIM,resnet,40/60,alexnet,google,40/60,0.07,0.09333333333333334,0.04666666666666667
159,bing,True,BIM,resnet,40/60,alexnet,google,50/50,0.07666667,0.08,0.07333333333333333
160,bing,True,BIM,resnet,40/60,resnet,google,20/80,0.20333333,0.30666666666666664,0.1
161,bing,True,BIM,resnet,40/60,resnet,google,30/70,0.22,0.30666666666666664,0.13333333333333333
162,bing,True,BIM,resnet,40/60,resnet,google,40/60,0.19666667,0.24666666666666667,0.14666666666666667
163,bing,True,BIM,resnet,40/60,resnet,google,50/50,0.19666667,0.2,0.19333333333333333
164,bing,True,BIM,resnet,40/60,vgg,google,20/80,0.13666667,0.22,0.05333333333333334
165,bing,True,BIM,resnet,40/60,vgg,google,30/70,0.10666667,0.16,0.05333333333333334
166,bing,True,BIM,resnet,40/60,vgg,google,40/60,0.11,0.12,0.1
167,bing,True,BIM,resnet,40/60,vgg,google,50/50,0.09,0.08666666666666667,0.09333333333333334
168,bing,True,BIM,resnet,50/50,alexnet,bing,20/80,0.071174376,0.14074074074074075,0.00684931506849315
169,bing,True,BIM,resnet,50/50,alexnet,bing,30/70,0.059859153,0.09558823529411764,0.02702702702702703
170,bing,True,BIM,resnet,50/50,alexnet,bing,40/60,0.038732395,0.05755395683453238,0.020689655172413793
171,bing,True,BIM,resnet,50/50,alexnet,bing,50/50,0.034722224,0.04861111111111111,0.020833333333333332
172,bing,True,BIM,resnet,50/50,resnet,bing,20/80,0.23183392,0.37857142857142856,0.09395973154362416
173,bing,True,BIM,resnet,50/50,resnet,bing,30/70,0.24398626,0.4084507042253521,0.087248322147651
174,bing,True,BIM,resnet,50/50,resnet,bing,40/60,0.20819113,0.2808219178082192,0.1360544217687075
175,bing,True,BIM,resnet,50/50,resnet,bing,50/50,0.21088435,0.23129251700680273,0.19047619047619047
176,bing,True,BIM,resnet,50/50,vgg,bing,20/80,0.114583336,0.2,0.033783783783783786
177,bing,True,BIM,resnet,50/50,vgg,bing,30/70,0.103806235,0.176056338028169,0.034013605442176874
178,bing,True,BIM,resnet,50/50,vgg,bing,40/60,0.08561644,0.1103448275862069,0.061224489795918366
179,bing,True,BIM,resnet,50/50,vgg,bing,50/50,0.0890411,0.1232876712328767,0.0547945205479452
180,bing,True,BIM,resnet,50/50,alexnet,google,20/80,0.10666667,0.20666666666666667,0.006666666666666667
181,bing,True,BIM,resnet,50/50,alexnet,google,30/70,0.1,0.16666666666666666,0.03333333333333333
182,bing,True,BIM,resnet,50/50,alexnet,google,40/60,0.07333334,0.10666666666666667,0.04
183,bing,True,BIM,resnet,50/50,alexnet,google,50/50,0.086666666,0.09333333333333334,0.08
184,bing,True,BIM,resnet,50/50,resnet,google,20/80,0.21000001,0.32666666666666666,0.09333333333333334
185,bing,True,BIM,resnet,50/50,resnet,google,30/70,0.22333334,0.3333333333333333,0.11333333333333333
186,bing,True,BIM,resnet,50/50,resnet,google,40/60,0.19,0.22666666666666666,0.15333333333333332
187,bing,True,BIM,resnet,50/50,resnet,google,50/50,0.20333333,0.21333333333333335,0.19333333333333333
188,bing,True,BIM,resnet,50/50,vgg,google,20/80,0.13333334,0.21333333333333335,0.05333333333333334
189,bing,True,BIM,resnet,50/50,vgg,google,30/70,0.11666667,0.16666666666666666,0.06666666666666667
190,bing,True,BIM,resnet,50/50,vgg,google,40/60,0.10333334,0.12666666666666668,0.08
191,bing,True,BIM,resnet,50/50,vgg,google,50/50,0.10666667,0.11333333333333333,0.1
192,bing,True,BIM,vgg,20/80,alexnet,bing,20/80,0.06405694,0.11851851851851852,0.0136986301369863
193,bing,True,BIM,vgg,20/80,alexnet,bing,30/70,0.049295776,0.08088235294117647,0.02027027027027027
194,bing,True,BIM,vgg,20/80,alexnet,bing,40/60,0.035211265,0.050359712230215826,0.020689655172413793
195,bing,True,BIM,vgg,20/80,alexnet,bing,50/50,0.024305556,0.027777777777777776,0.020833333333333332
196,bing,True,BIM,vgg,20/80,resnet,bing,20/80,0.048442908,0.07142857142857142,0.026845637583892617
197,bing,True,BIM,vgg,20/80,resnet,bing,30/70,0.05154639,0.08450704225352113,0.020134228187919462
198,bing,True,BIM,vgg,20/80,resnet,bing,40/60,0.047781568,0.0684931506849315,0.027210884353741496
199,bing,True,BIM,vgg,20/80,resnet,bing,50/50,0.047619045,0.02040816326530612,0.07482993197278912
200,bing,True,BIM,vgg,20/80,vgg,bing,20/80,0.3090278,0.4142857142857143,0.20945945945945946
201,bing,True,BIM,vgg,20/80,vgg,bing,30/70,0.2698962,0.3732394366197183,0.17006802721088435
202,bing,True,BIM,vgg,20/80,vgg,bing,40/60,0.21232876,0.2206896551724138,0.20408163265306123
203,bing,True,BIM,vgg,20/80,vgg,bing,50/50,0.21917808,0.2465753424657534,0.1917808219178082
204,bing,True,BIM,vgg,20/80,alexnet,google,20/80,0.09666667,0.18666666666666668,0.006666666666666667
205,bing,True,BIM,vgg,20/80,alexnet,google,30/70,0.083333336,0.14,0.02666666666666667
206,bing,True,BIM,vgg,20/80,alexnet,google,40/60,0.07333334,0.08666666666666667,0.06
207,bing,True,BIM,vgg,20/80,alexnet,google,50/50,0.07666667,0.07333333333333333,0.08
208,bing,True,BIM,vgg,20/80,resnet,google,20/80,0.08,0.13333333333333333,0.02666666666666667
209,bing,True,BIM,vgg,20/80,resnet,google,30/70,0.05666667,0.07333333333333333,0.04
210,bing,True,BIM,vgg,20/80,resnet,google,40/60,0.060000002,0.06666666666666667,0.05333333333333334
211,bing,True,BIM,vgg,20/80,resnet,google,50/50,0.053333335,0.04,0.06666666666666667
212,bing,True,BIM,vgg,20/80,vgg,google,20/80,0.3,0.35333333333333333,0.24666666666666667
213,bing,True,BIM,vgg,20/80,vgg,google,30/70,0.25333333,0.29333333333333333,0.21333333333333335
214,bing,True,BIM,vgg,20/80,vgg,google,40/60,0.24666667,0.20666666666666667,0.2866666666666667
215,bing,True,BIM,vgg,20/80,vgg,google,50/50,0.22666667,0.18666666666666668,0.26666666666666666
216,bing,True,BIM,vgg,30/70,alexnet,bing,20/80,0.07473309,0.14074074074074075,0.0136986301369863
217,bing,True,BIM,vgg,30/70,alexnet,bing,30/70,0.04225352,0.07352941176470588,0.013513513513513514
218,bing,True,BIM,vgg,30/70,alexnet,bing,40/60,0.04225352,0.05755395683453238,0.027586206896551724
219,bing,True,BIM,vgg,30/70,alexnet,bing,50/50,0.024305556,0.034722222222222224,0.013888888888888888
220,bing,True,BIM,vgg,30/70,resnet,bing,20/80,0.055363324,0.08571428571428572,0.026845637583892617
221,bing,True,BIM,vgg,30/70,resnet,bing,30/70,0.058419246,0.1056338028169014,0.013422818791946308
222,bing,True,BIM,vgg,30/70,resnet,bing,40/60,0.06484641,0.08904109589041095,0.04081632653061224
223,bing,True,BIM,vgg,30/70,resnet,bing,50/50,0.044217687,0.034013605442176874,0.05442176870748299
224,bing,True,BIM,vgg,30/70,vgg,bing,20/80,0.30208334,0.42142857142857143,0.1891891891891892
225,bing,True,BIM,vgg,30/70,vgg,bing,30/70,0.3010381,0.4225352112676056,0.1836734693877551
226,bing,True,BIM,vgg,30/70,vgg,bing,40/60,0.26027396,0.3103448275862069,0.2108843537414966
227,bing,True,BIM,vgg,30/70,vgg,bing,50/50,0.26027396,0.3150684931506849,0.2054794520547945
228,bing,True,BIM,vgg,30/70,alexnet,google,20/80,0.10333334,0.19333333333333333,0.013333333333333334
229,bing,True,BIM,vgg,30/70,alexnet,google,30/70,0.093333334,0.15333333333333332,0.03333333333333333
230,bing,True,BIM,vgg,30/70,alexnet,google,40/60,0.07333334,0.08666666666666667,0.06
231,bing,True,BIM,vgg,30/70,alexnet,google,50/50,0.07666667,0.08666666666666667,0.06666666666666667
232,bing,True,BIM,vgg,30/70,resnet,google,20/80,0.086666666,0.16,0.013333333333333334
233,bing,True,BIM,vgg,30/70,resnet,google,30/70,0.07333334,0.10666666666666667,0.04
234,bing,True,BIM,vgg,30/70,resnet,google,40/60,0.06666667,0.08,0.05333333333333334
235,bing,True,BIM,vgg,30/70,resnet,google,50/50,0.06333333,0.04666666666666667,0.08
236,bing,True,BIM,vgg,30/70,vgg,google,20/80,0.28,0.36,0.2
237,bing,True,BIM,vgg,30/70,vgg,google,30/70,0.28666666,0.36,0.21333333333333335
238,bing,True,BIM,vgg,30/70,vgg,google,40/60,0.27,0.3,0.24
239,bing,True,BIM,vgg,30/70,vgg,google,50/50,0.25,0.25333333333333335,0.24666666666666667
240,bing,True,BIM,vgg,40/60,alexnet,bing,20/80,0.06049822,0.11851851851851852,0.00684931506849315
241,bing,True,BIM,vgg,40/60,alexnet,bing,30/70,0.049295776,0.08823529411764706,0.013513513513513514
242,bing,True,BIM,vgg,40/60,alexnet,bing,40/60,0.035211265,0.04316546762589928,0.027586206896551724
243,bing,True,BIM,vgg,40/60,alexnet,bing,50/50,0.027777778,0.034722222222222224,0.020833333333333332
244,bing,True,BIM,vgg,40/60,resnet,bing,20/80,0.055363324,0.09285714285714286,0.020134228187919462
245,bing,True,BIM,vgg,40/60,resnet,bing,30/70,0.05154639,0.09154929577464789,0.013422818791946308
246,bing,True,BIM,vgg,40/60,resnet,bing,40/60,0.051194537,0.0684931506849315,0.034013605442176874
247,bing,True,BIM,vgg,40/60,resnet,bing,50/50,0.047619045,0.034013605442176874,0.061224489795918366
248,bing,True,BIM,vgg,40/60,vgg,bing,20/80,0.30208334,0.4357142857142857,0.17567567567567569
249,bing,True,BIM,vgg,40/60,vgg,bing,30/70,0.28373703,0.4084507042253521,0.16326530612244897
250,bing,True,BIM,vgg,40/60,vgg,bing,40/60,0.28082192,0.3448275862068966,0.21768707482993196
251,bing,True,BIM,vgg,40/60,vgg,bing,50/50,0.2739726,0.3424657534246575,0.2054794520547945
252,bing,True,BIM,vgg,40/60,alexnet,google,20/80,0.1,0.19333333333333333,0.006666666666666667
253,bing,True,BIM,vgg,40/60,alexnet,google,30/70,0.083333336,0.14666666666666667,0.02
254,bing,True,BIM,vgg,40/60,alexnet,google,40/60,0.06333333,0.08,0.04666666666666667
255,bing,True,BIM,vgg,40/60,alexnet,google,50/50,0.06666667,0.06666666666666667,0.06666666666666667
256,bing,True,BIM,vgg,40/60,resnet,google,20/80,0.09,0.15333333333333332,0.02666666666666667
257,bing,True,BIM,vgg,40/60,resnet,google,30/70,0.06333333,0.08666666666666667,0.04
258,bing,True,BIM,vgg,40/60,resnet,google,40/60,0.053333335,0.06,0.04666666666666667
259,bing,True,BIM,vgg,40/60,resnet,google,50/50,0.053333335,0.04,0.06666666666666667
260,bing,True,BIM,vgg,40/60,vgg,google,20/80,0.30666667,0.41333333333333333,0.2
261,bing,True,BIM,vgg,40/60,vgg,google,30/70,0.29000002,0.38666666666666666,0.19333333333333333
262,bing,True,BIM,vgg,40/60,vgg,google,40/60,0.26333335,0.3,0.22666666666666666
263,bing,True,BIM,vgg,40/60,vgg,google,50/50,0.25666666,0.25333333333333335,0.26
264,bing,True,BIM,vgg,50/50,alexnet,bing,20/80,0.07473309,0.14074074074074075,0.0136986301369863
265,bing,True,BIM,vgg,50/50,alexnet,bing,30/70,0.04225352,0.08088235294117647,0.006756756756756757
266,bing,True,BIM,vgg,50/50,alexnet,bing,40/60,0.04225352,0.05755395683453238,0.027586206896551724
267,bing,True,BIM,vgg,50/50,alexnet,bing,50/50,0.027777778,0.034722222222222224,0.020833333333333332
268,bing,True,BIM,vgg,50/50,resnet,bing,20/80,0.0449827,0.07857142857142857,0.013422818791946308
269,bing,True,BIM,vgg,50/50,resnet,bing,30/70,0.05154639,0.09859154929577464,0.006711409395973154
270,bing,True,BIM,vgg,50/50,resnet,bing,40/60,0.058020476,0.0821917808219178,0.034013605442176874
271,bing,True,BIM,vgg,50/50,resnet,bing,50/50,0.051020406,0.047619047619047616,0.05442176870748299
272,bing,True,BIM,vgg,50/50,vgg,bing,20/80,0.28819445,0.42857142857142855,0.1554054054054054
273,bing,True,BIM,vgg,50/50,vgg,bing,30/70,0.2768166,0.4084507042253521,0.14965986394557823
274,bing,True,BIM,vgg,50/50,vgg,bing,40/60,0.24657534,0.31724137931034485,0.17687074829931973
275,bing,True,BIM,vgg,50/50,vgg,bing,50/50,0.25342464,0.3424657534246575,0.1643835616438356
276,bing,True,BIM,vgg,50/50,alexnet,google,20/80,0.10666667,0.2,0.013333333333333334
277,bing,True,BIM,vgg,50/50,alexnet,google,30/70,0.09,0.15333333333333332,0.02666666666666667
278,bing,True,BIM,vgg,50/50,alexnet,google,40/60,0.07666667,0.1,0.05333333333333334
279,bing,True,BIM,vgg,50/50,alexnet,google,50/50,0.07333334,0.08,0.06666666666666667
280,bing,True,BIM,vgg,50/50,resnet,google,20/80,0.093333334,0.16666666666666666,0.02
281,bing,True,BIM,vgg,50/50,resnet,google,30/70,0.07333334,0.11333333333333333,0.03333333333333333
282,bing,True,BIM,vgg,50/50,resnet,google,40/60,0.06333333,0.07333333333333333,0.05333333333333334
283,bing,True,BIM,vgg,50/50,resnet,google,50/50,0.060000002,0.04666666666666667,0.07333333333333333
284,bing,True,BIM,vgg,50/50,vgg,google,20/80,0.28,0.36666666666666664,0.19333333333333333
285,bing,True,BIM,vgg,50/50,vgg,google,30/70,0.27,0.37333333333333335,0.16666666666666666
286,bing,True,BIM,vgg,50/50,vgg,google,40/60,0.26333335,0.2866666666666667,0.24
287,bing,True,BIM,vgg,50/50,vgg,google,50/50,0.25,0.26,0.24
288,google,True,BIM,alexnet,20/80,alexnet,bing,20/80,0.49666667,0.5666666666666667,0.4266666666666667
289,google,True,BIM,alexnet,20/80,alexnet,bing,30/70,0.49,0.5466666666666666,0.43333333333333335
290,google,True,BIM,alexnet,20/80,alexnet,bing,40/60,0.5266667,0.5466666666666666,0.5066666666666667
291,google,True,BIM,alexnet,20/80,alexnet,bing,50/50,0.5466667,0.5133333333333333,0.58
292,google,True,BIM,alexnet,20/80,resnet,bing,20/80,0.24666667,0.30666666666666664,0.18666666666666668
293,google,True,BIM,alexnet,20/80,resnet,bing,30/70,0.24666667,0.34,0.15333333333333332
294,google,True,BIM,alexnet,20/80,resnet,bing,40/60,0.23333333,0.21333333333333335,0.25333333333333335
295,google,True,BIM,alexnet,20/80,resnet,bing,50/50,0.22333334,0.16,0.2866666666666667
296,google,True,BIM,alexnet,20/80,vgg,bing,20/80,0.24666667,0.2866666666666667,0.20666666666666667
297,google,True,BIM,alexnet,20/80,vgg,bing,30/70,0.24666667,0.3,0.19333333333333333
298,google,True,BIM,alexnet,20/80,vgg,bing,40/60,0.25333333,0.24,0.26666666666666666
299,google,True,BIM,alexnet,20/80,vgg,bing,50/50,0.25666666,0.25333333333333335,0.26
300,google,True,BIM,alexnet,20/80,alexnet,google,20/80,0.5535714,0.6571428571428571,0.45
301,google,True,BIM,alexnet,20/80,alexnet,google,30/70,0.51079136,0.5899280575539568,0.4316546762589928
302,google,True,BIM,alexnet,20/80,alexnet,google,40/60,0.48188406,0.5144927536231884,0.4492753623188406
303,google,True,BIM,alexnet,20/80,alexnet,google,50/50,0.46296296,0.42962962962962964,0.4962962962962963
304,google,True,BIM,alexnet,20/80,resnet,google,20/80,0.25694445,0.3263888888888889,0.1875
305,google,True,BIM,alexnet,20/80,resnet,google,30/70,0.2755102,0.30612244897959184,0.24489795918367346
306,google,True,BIM,alexnet,20/80,resnet,google,40/60,0.23809524,0.21768707482993196,0.2585034013605442
307,google,True,BIM,alexnet,20/80,resnet,google,50/50,0.26712328,0.2191780821917808,0.3150684931506849
308,google,True,BIM,alexnet,20/80,vgg,google,20/80,0.28082192,0.3356164383561644,0.22602739726027396
309,google,True,BIM,alexnet,20/80,vgg,google,30/70,0.30136985,0.3424657534246575,0.2602739726027397
310,google,True,BIM,alexnet,20/80,vgg,google,40/60,0.29054055,0.28378378378378377,0.2972972972972973
311,google,True,BIM,alexnet,20/80,vgg,google,50/50,0.2804054,0.2635135135135135,0.2972972972972973
312,google,True,BIM,alexnet,30/70,alexnet,bing,20/80,0.48666668,0.5333333333333333,0.44
313,google,True,BIM,alexnet,30/70,alexnet,bing,30/70,0.49666667,0.5333333333333333,0.46
314,google,True,BIM,alexnet,30/70,alexnet,bing,40/60,0.49666667,0.49333333333333335,0.5
315,google,True,BIM,alexnet,30/70,alexnet,bing,50/50,0.51666665,0.48,0.5533333333333333
316,google,True,BIM,alexnet,30/70,resnet,bing,20/80,0.23,0.2866666666666667,0.17333333333333334
317,google,True,BIM,alexnet,30/70,resnet,bing,30/70,0.22333334,0.28,0.16666666666666666
318,google,True,BIM,alexnet,30/70,resnet,bing,40/60,0.21666667,0.19333333333333333,0.24
319,google,True,BIM,alexnet,30/70,resnet,bing,50/50,0.22333334,0.12666666666666668,0.32
320,google,True,BIM,alexnet,30/70,vgg,bing,20/80,0.22333334,0.26666666666666666,0.18
321,google,True,BIM,alexnet,30/70,vgg,bing,30/70,0.22666667,0.2733333333333333,0.18
322,google,True,BIM,alexnet,30/70,vgg,bing,40/60,0.23,0.2,0.26
323,google,True,BIM,alexnet,30/70,vgg,bing,50/50,0.21000001,0.18666666666666668,0.23333333333333334
324,google,True,BIM,alexnet,30/70,alexnet,google,20/80,0.5214286,0.6285714285714286,0.4142857142857143
325,google,True,BIM,alexnet,30/70,alexnet,google,30/70,0.5359712,0.60431654676259,0.4676258992805755
326,google,True,BIM,alexnet,30/70,alexnet,google,40/60,0.46376812,0.463768115942029,0.463768115942029
327,google,True,BIM,alexnet,30/70,alexnet,google,50/50,0.45185184,0.3851851851851852,0.5185185185185185
328,google,True,BIM,alexnet,30/70,resnet,google,20/80,0.22569445,0.2847222222222222,0.16666666666666666
329,google,True,BIM,alexnet,30/70,resnet,google,30/70,0.26190475,0.2789115646258503,0.24489795918367346
330,google,True,BIM,alexnet,30/70,resnet,google,40/60,0.26190475,0.22448979591836735,0.29931972789115646
331,google,True,BIM,alexnet,30/70,resnet,google,50/50,0.26027396,0.1917808219178082,0.3287671232876712
332,google,True,BIM,alexnet,30/70,vgg,google,20/80,0.2260274,0.273972602739726,0.1780821917808219
333,google,True,BIM,alexnet,30/70,vgg,google,30/70,0.23972602,0.2602739726027397,0.2191780821917808
334,google,True,BIM,alexnet,30/70,vgg,google,40/60,0.2533784,0.23648648648648649,0.2702702702702703
335,google,True,BIM,alexnet,30/70,vgg,google,50/50,0.24662162,0.19594594594594594,0.2972972972972973
336,google,True,BIM,alexnet,40/60,alexnet,bing,20/80,0.4466667,0.5066666666666667,0.38666666666666666
337,google,True,BIM,alexnet,40/60,alexnet,bing,30/70,0.4466667,0.49333333333333335,0.4
338,google,True,BIM,alexnet,40/60,alexnet,bing,40/60,0.46333334,0.4866666666666667,0.44
339,google,True,BIM,alexnet,40/60,alexnet,bing,50/50,0.47333336,0.44666666666666666,0.5
340,google,True,BIM,alexnet,40/60,resnet,bing,20/80,0.19666667,0.25333333333333335,0.14
341,google,True,BIM,alexnet,40/60,resnet,bing,30/70,0.19,0.26,0.12
342,google,True,BIM,alexnet,40/60,resnet,bing,40/60,0.18,0.16,0.2
343,google,True,BIM,alexnet,40/60,resnet,bing,50/50,0.18666667,0.12,0.25333333333333335
344,google,True,BIM,alexnet,40/60,vgg,bing,20/80,0.22333334,0.2866666666666667,0.16
345,google,True,BIM,alexnet,40/60,vgg,bing,30/70,0.21666667,0.28,0.15333333333333332
346,google,True,BIM,alexnet,40/60,vgg,bing,40/60,0.22,0.22,0.22
347,google,True,BIM,alexnet,40/60,vgg,bing,50/50,0.20333333,0.21333333333333335,0.19333333333333333
348,google,True,BIM,alexnet,40/60,alexnet,google,20/80,0.49285716,0.6071428571428571,0.37857142857142856
349,google,True,BIM,alexnet,40/60,alexnet,google,30/70,0.47122303,0.5611510791366906,0.381294964028777
350,google,True,BIM,alexnet,40/60,alexnet,google,40/60,0.442029,0.4782608695652174,0.4057971014492754
351,google,True,BIM,alexnet,40/60,alexnet,google,50/50,0.41111112,0.4,0.4222222222222222
352,google,True,BIM,alexnet,40/60,resnet,google,20/80,0.2013889,0.2986111111111111,0.10416666666666667
353,google,True,BIM,alexnet,40/60,resnet,google,30/70,0.22108842,0.2585034013605442,0.1836734693877551
354,google,True,BIM,alexnet,40/60,resnet,google,40/60,0.21088435,0.20408163265306123,0.21768707482993196
355,google,True,BIM,alexnet,40/60,resnet,google,50/50,0.23287672,0.1780821917808219,0.2876712328767123
356,google,True,BIM,alexnet,40/60,vgg,google,20/80,0.23287672,0.3219178082191781,0.14383561643835616
357,google,True,BIM,alexnet,40/60,vgg,google,30/70,0.23630136,0.3082191780821918,0.1643835616438356
358,google,True,BIM,alexnet,40/60,vgg,google,40/60,0.23310812,0.25,0.21621621621621623
359,google,True,BIM,alexnet,40/60,vgg,google,50/50,0.2195946,0.20945945945945946,0.22972972972972974
360,google,True,BIM,alexnet,50/50,alexnet,bing,20/80,0.45333335,0.49333333333333335,0.41333333333333333
361,google,True,BIM,alexnet,50/50,alexnet,bing,30/70,0.4466667,0.5,0.3933333333333333
362,google,True,BIM,alexnet,50/50,alexnet,bing,40/60,0.46666667,0.4666666666666667,0.4666666666666667
363,google,True,BIM,alexnet,50/50,alexnet,bing,50/50,0.48333335,0.44,0.5266666666666666
364,google,True,BIM,alexnet,50/50,resnet,bing,20/80,0.16333334,0.21333333333333335,0.11333333333333333
365,google,True,BIM,alexnet,50/50,resnet,bing,30/70,0.15666667,0.24666666666666667,0.06666666666666667
366,google,True,BIM,alexnet,50/50,resnet,bing,40/60,0.18,0.16666666666666666,0.19333333333333333
367,google,True,BIM,alexnet,50/50,resnet,bing,50/50,0.2,0.12,0.28
368,google,True,BIM,alexnet,50/50,vgg,bing,20/80,0.2,0.26,0.14
369,google,True,BIM,alexnet,50/50,vgg,bing,30/70,0.2,0.26666666666666666,0.13333333333333333
370,google,True,BIM,alexnet,50/50,vgg,bing,40/60,0.20666668,0.20666666666666667,0.20666666666666667
371,google,True,BIM,alexnet,50/50,vgg,bing,50/50,0.19333334,0.20666666666666667,0.18
372,google,True,BIM,alexnet,50/50,alexnet,google,20/80,0.475,0.5785714285714286,0.37142857142857144
373,google,True,BIM,alexnet,50/50,alexnet,google,30/70,0.4496403,0.539568345323741,0.3597122302158273
374,google,True,BIM,alexnet,50/50,alexnet,google,40/60,0.4094203,0.463768115942029,0.35507246376811596
375,google,True,BIM,alexnet,50/50,alexnet,google,50/50,0.4074074,0.37777777777777777,0.43703703703703706
376,google,True,BIM,alexnet,50/50,resnet,google,20/80,0.17361112,0.24305555555555555,0.10416666666666667
377,google,True,BIM,alexnet,50/50,resnet,google,30/70,0.18707483,0.22448979591836735,0.14965986394557823
378,google,True,BIM,alexnet,50/50,resnet,google,40/60,0.17687075,0.14965986394557823,0.20408163265306123
379,google,True,BIM,alexnet,50/50,resnet,google,50/50,0.18835616,0.14383561643835616,0.2328767123287671
380,google,True,BIM,alexnet,50/50,vgg,google,20/80,0.2089041,0.2808219178082192,0.136986301369863
381,google,True,BIM,alexnet,50/50,vgg,google,30/70,0.2260274,0.2945205479452055,0.15753424657534246
382,google,True,BIM,alexnet,50/50,vgg,google,40/60,0.21621622,0.22972972972972974,0.20270270270270271
383,google,True,BIM,alexnet,50/50,vgg,google,50/50,0.20608109,0.19594594594594594,0.21621621621621623
384,google,True,BIM,resnet,20/80,alexnet,bing,20/80,0.09,0.13333333333333333,0.04666666666666667
385,google,True,BIM,resnet,20/80,alexnet,bing,30/70,0.08,0.1,0.06
386,google,True,BIM,resnet,20/80,alexnet,bing,40/60,0.093333334,0.08666666666666667,0.1
387,google,True,BIM,resnet,20/80,alexnet,bing,50/50,0.07333334,0.04666666666666667,0.1
388,google,True,BIM,resnet,20/80,resnet,bing,20/80,0.22666667,0.29333333333333333,0.16
389,google,True,BIM,resnet,20/80,resnet,bing,30/70,0.18333334,0.28,0.08666666666666667
390,google,True,BIM,resnet,20/80,resnet,bing,40/60,0.19333334,0.18666666666666668,0.2
391,google,True,BIM,resnet,20/80,resnet,bing,50/50,0.2,0.11333333333333333,0.2866666666666667
392,google,True,BIM,resnet,20/80,vgg,bing,20/80,0.12666667,0.14666666666666667,0.10666666666666667
393,google,True,BIM,resnet,20/80,vgg,bing,30/70,0.120000005,0.13333333333333333,0.10666666666666667
394,google,True,BIM,resnet,20/80,vgg,bing,40/60,0.123333335,0.09333333333333334,0.15333333333333332
395,google,True,BIM,resnet,20/80,vgg,bing,50/50,0.12666667,0.08666666666666667,0.16666666666666666
396,google,True,BIM,resnet,20/80,alexnet,google,20/80,0.046428572,0.06428571428571428,0.02857142857142857
397,google,True,BIM,resnet,20/80,alexnet,google,30/70,0.039568346,0.050359712230215826,0.02877697841726619
398,google,True,BIM,resnet,20/80,alexnet,google,40/60,0.036231883,0.036231884057971016,0.036231884057971016
399,google,True,BIM,resnet,20/80,alexnet,google,50/50,0.03333333,0.022222222222222223,0.044444444444444446
400,google,True,BIM,resnet,20/80,resnet,google,20/80,0.23611112,0.2847222222222222,0.1875
401,google,True,BIM,resnet,20/80,resnet,google,30/70,0.2414966,0.2653061224489796,0.21768707482993196
402,google,True,BIM,resnet,20/80,resnet,google,40/60,0.2244898,0.21768707482993196,0.23129251700680273
403,google,True,BIM,resnet,20/80,resnet,google,50/50,0.23630136,0.17123287671232876,0.3013698630136986
404,google,True,BIM,resnet,20/80,vgg,google,20/80,0.14041096,0.17123287671232876,0.1095890410958904
405,google,True,BIM,resnet,20/80,vgg,google,30/70,0.13356164,0.14383561643835616,0.1232876712328767
406,google,True,BIM,resnet,20/80,vgg,google,40/60,0.13851352,0.12162162162162163,0.1554054054054054
407,google,True,BIM,resnet,20/80,vgg,google,50/50,0.125,0.08108108108108109,0.16891891891891891
408,google,True,BIM,resnet,30/70,alexnet,bing,20/80,0.1,0.14666666666666667,0.05333333333333334
409,google,True,BIM,resnet,30/70,alexnet,bing,30/70,0.083333336,0.10666666666666667,0.06
410,google,True,BIM,resnet,30/70,alexnet,bing,40/60,0.09,0.08666666666666667,0.09333333333333334
411,google,True,BIM,resnet,30/70,alexnet,bing,50/50,0.08,0.06,0.1
412,google,True,BIM,resnet,30/70,resnet,bing,20/80,0.24666667,0.34,0.15333333333333332
413,google,True,BIM,resnet,30/70,resnet,bing,30/70,0.22333334,0.34,0.10666666666666667
414,google,True,BIM,resnet,30/70,resnet,bing,40/60,0.21666667,0.24666666666666667,0.18666666666666668
415,google,True,BIM,resnet,30/70,resnet,bing,50/50,0.22666667,0.18,0.2733333333333333
416,google,True,BIM,resnet,30/70,vgg,bing,20/80,0.11,0.15333333333333332,0.06666666666666667
417,google,True,BIM,resnet,30/70,vgg,bing,30/70,0.11333334,0.13333333333333333,0.09333333333333334
418,google,True,BIM,resnet,30/70,vgg,bing,40/60,0.1,0.06,0.14
419,google,True,BIM,resnet,30/70,vgg,bing,50/50,0.10666667,0.08666666666666667,0.12666666666666668
420,google,True,BIM,resnet,30/70,alexnet,google,20/80,0.06428572,0.08571428571428572,0.04285714285714286
421,google,True,BIM,resnet,30/70,alexnet,google,30/70,0.043165468,0.05755395683453238,0.02877697841726619
