,source_dataset,isMath,attack,source_model,source_balancing,target_model,target_dataset,target_balancing,asr,asr_0,asr_1
0,bing,True,RFGSM,alexnet,20/80,alexnet,bing,20/80,0.5017794,0.6962962962962963,0.3219178082191781
1,bing,True,RFGSM,alexnet,20/80,alexnet,bing,30/70,0.47887322,0.6544117647058824,0.31756756756756754
2,bing,True,RFGSM,alexnet,20/80,alexnet,bing,40/60,0.46478873,0.5467625899280576,0.38620689655172413
3,bing,True,RFGSM,alexnet,20/80,alexnet,bing,50/50,0.4548611,0.5277777777777778,0.3819444444444444
4,bing,True,RFGSM,alexnet,20/80,resnet,bing,20/80,0.19031143,0.3,0.087248322147651
5,bing,True,RFGSM,alexnet,20/80,resnet,bing,30/70,0.21305843,0.352112676056338,0.08053691275167785
6,bing,True,RFGSM,alexnet,20/80,resnet,bing,40/60,0.18088737,0.22602739726027396,0.1360544217687075
7,bing,True,RFGSM,alexnet,20/80,resnet,bing,50/50,0.15306123,0.10884353741496598,0.19727891156462585
8,bing,True,RFGSM,alexnet,20/80,vgg,bing,20/80,0.21875,0.34285714285714286,0.10135135135135136
9,bing,True,RFGSM,alexnet,20/80,vgg,bing,30/70,0.21453288,0.352112676056338,0.08163265306122448
10,bing,True,RFGSM,alexnet,20/80,vgg,bing,40/60,0.20547944,0.2620689655172414,0.14965986394557823
11,bing,True,RFGSM,alexnet,20/80,vgg,bing,50/50,0.18150684,0.2465753424657534,0.11643835616438356
12,bing,True,RFGSM,alexnet,20/80,alexnet,google,20/80,0.4766667,0.6333333333333333,0.32
13,bing,True,RFGSM,alexnet,20/80,alexnet,google,30/70,0.46333334,0.58,0.3466666666666667
14,bing,True,RFGSM,alexnet,20/80,alexnet,google,40/60,0.44333336,0.5333333333333333,0.35333333333333333
15,bing,True,RFGSM,alexnet,20/80,alexnet,google,50/50,0.39666668,0.38,0.41333333333333333
16,bing,True,RFGSM,alexnet,20/80,resnet,google,20/80,0.20666668,0.30666666666666664,0.10666666666666667
17,bing,True,RFGSM,alexnet,20/80,resnet,google,30/70,0.2,0.25333333333333335,0.14666666666666667
18,bing,True,RFGSM,alexnet,20/80,resnet,google,40/60,0.20666668,0.22,0.19333333333333333
19,bing,True,RFGSM,alexnet,20/80,resnet,google,50/50,0.20333333,0.16,0.24666666666666667
20,bing,True,RFGSM,alexnet,20/80,vgg,google,20/80,0.23,0.32666666666666666,0.13333333333333333
21,bing,True,RFGSM,alexnet,20/80,vgg,google,30/70,0.23333333,0.32,0.14666666666666667
22,bing,True,RFGSM,alexnet,20/80,vgg,google,40/60,0.22666667,0.28,0.17333333333333334
23,bing,True,RFGSM,alexnet,20/80,vgg,google,50/50,0.20666668,0.24666666666666667,0.16666666666666666
24,bing,True,RFGSM,alexnet,30/70,alexnet,bing,20/80,0.48398575,0.6814814814814815,0.3013698630136986
25,bing,True,RFGSM,alexnet,30/70,alexnet,bing,30/70,0.47887322,0.6544117647058824,0.31756756756756754
26,bing,True,RFGSM,alexnet,30/70,alexnet,bing,40/60,0.47183096,0.5899280575539568,0.3586206896551724
27,bing,True,RFGSM,alexnet,30/70,alexnet,bing,50/50,0.4513889,0.5208333333333334,0.3819444444444444
28,bing,True,RFGSM,alexnet,30/70,resnet,bing,20/80,0.19377163,0.2785714285714286,0.11409395973154363
29,bing,True,RFGSM,alexnet,30/70,resnet,bing,30/70,0.21993127,0.31690140845070425,0.12751677852348994
30,bing,True,RFGSM,alexnet,30/70,resnet,bing,40/60,0.20819113,0.21232876712328766,0.20408163265306123
31,bing,True,RFGSM,alexnet,30/70,resnet,bing,50/50,0.20068027,0.16326530612244897,0.23809523809523808
32,bing,True,RFGSM,alexnet,30/70,vgg,bing,20/80,0.23958333,0.36428571428571427,0.12162162162162163
33,bing,True,RFGSM,alexnet,30/70,vgg,bing,30/70,0.24567474,0.38028169014084506,0.11564625850340136
34,bing,True,RFGSM,alexnet,30/70,vgg,bing,40/60,0.2260274,0.296551724137931,0.1564625850340136
35,bing,True,RFGSM,alexnet,30/70,vgg,bing,50/50,0.21575342,0.2876712328767123,0.14383561643835616
36,bing,True,RFGSM,alexnet,30/70,alexnet,google,20/80,0.49666667,0.64,0.35333333333333333
37,bing,True,RFGSM,alexnet,30/70,alexnet,google,30/70,0.47333336,0.58,0.36666666666666664
38,bing,True,RFGSM,alexnet,30/70,alexnet,google,40/60,0.48000002,0.5666666666666667,0.3933333333333333
39,bing,True,RFGSM,alexnet,30/70,alexnet,google,50/50,0.45666668,0.4533333333333333,0.46
40,bing,True,RFGSM,alexnet,30/70,resnet,google,20/80,0.23333333,0.32,0.14666666666666667
41,bing,True,RFGSM,alexnet,30/70,resnet,google,30/70,0.21333334,0.25333333333333335,0.17333333333333334
42,bing,True,RFGSM,alexnet,30/70,resnet,google,40/60,0.22,0.23333333333333334,0.20666666666666667
43,bing,True,RFGSM,alexnet,30/70,resnet,google,50/50,0.22666667,0.18,0.2733333333333333
44,bing,True,RFGSM,alexnet,30/70,vgg,google,20/80,0.28666666,0.4,0.17333333333333334
45,bing,True,RFGSM,alexnet,30/70,vgg,google,30/70,0.28333333,0.4,0.16666666666666666
46,bing,True,RFGSM,alexnet,30/70,vgg,google,40/60,0.27333334,0.32666666666666666,0.22
47,bing,True,RFGSM,alexnet,30/70,vgg,google,50/50,0.23666668,0.26666666666666666,0.20666666666666667
48,bing,True,RFGSM,alexnet,40/60,alexnet,bing,20/80,0.4733096,0.6962962962962963,0.2671232876712329
49,bing,True,RFGSM,alexnet,40/60,alexnet,bing,30/70,0.4753521,0.6764705882352942,0.2905405405405405
50,bing,True,RFGSM,alexnet,40/60,alexnet,bing,40/60,0.49295774,0.6402877697841727,0.35172413793103446
51,bing,True,RFGSM,alexnet,40/60,alexnet,bing,50/50,0.4965278,0.6041666666666666,0.3888888888888889
52,bing,True,RFGSM,alexnet,40/60,resnet,bing,20/80,0.183391,0.2785714285714286,0.09395973154362416
53,bing,True,RFGSM,alexnet,40/60,resnet,bing,30/70,0.185567,0.30985915492957744,0.06711409395973154
54,bing,True,RFGSM,alexnet,40/60,resnet,bing,40/60,0.18430033,0.2465753424657534,0.12244897959183673
55,bing,True,RFGSM,alexnet,40/60,resnet,bing,50/50,0.17006803,0.14285714285714285,0.19727891156462585
56,bing,True,RFGSM,alexnet,40/60,vgg,bing,20/80,0.22569445,0.35714285714285715,0.10135135135135136
57,bing,True,RFGSM,alexnet,40/60,vgg,bing,30/70,0.21799308,0.3591549295774648,0.08163265306122448
58,bing,True,RFGSM,alexnet,40/60,vgg,bing,40/60,0.2089041,0.27586206896551724,0.14285714285714285
59,bing,True,RFGSM,alexnet,40/60,vgg,bing,50/50,0.19863014,0.2602739726027397,0.136986301369863
60,bing,True,RFGSM,alexnet,40/60,alexnet,google,20/80,0.48666668,0.68,0.29333333333333333
61,bing,True,RFGSM,alexnet,40/60,alexnet,google,30/70,0.47,0.62,0.32
62,bing,True,RFGSM,alexnet,40/60,alexnet,google,40/60,0.45666668,0.5666666666666667,0.3466666666666667
63,bing,True,RFGSM,alexnet,40/60,alexnet,google,50/50,0.43666667,0.46,0.41333333333333333
64,bing,True,RFGSM,alexnet,40/60,resnet,google,20/80,0.21333334,0.32,0.10666666666666667
65,bing,True,RFGSM,alexnet,40/60,resnet,google,30/70,0.2,0.25333333333333335,0.14666666666666667
66,bing,True,RFGSM,alexnet,40/60,resnet,google,40/60,0.20666668,0.22,0.19333333333333333
67,bing,True,RFGSM,alexnet,40/60,resnet,google,50/50,0.20666668,0.16666666666666666,0.24666666666666667
68,bing,True,RFGSM,alexnet,40/60,vgg,google,20/80,0.24333334,0.37333333333333335,0.11333333333333333
69,bing,True,RFGSM,alexnet,40/60,vgg,google,30/70,0.24333334,0.36,0.12666666666666668
70,bing,True,RFGSM,alexnet,40/60,vgg,google,40/60,0.21000001,0.25333333333333335,0.16666666666666666
71,bing,True,RFGSM,alexnet,40/60,vgg,google,50/50,0.19666667,0.22666666666666666,0.16666666666666666
72,bing,True,RFGSM,alexnet,50/50,alexnet,bing,20/80,0.5017794,0.7111111111111111,0.3082191780821918
73,bing,True,RFGSM,alexnet,50/50,alexnet,bing,30/70,0.49647886,0.6985294117647058,0.3108108108108108
74,bing,True,RFGSM,alexnet,50/50,alexnet,bing,40/60,0.5422535,0.6762589928057554,0.41379310344827586
75,bing,True,RFGSM,alexnet,50/50,alexnet,bing,50/50,0.5347222,0.6319444444444444,0.4375
76,bing,True,RFGSM,alexnet,50/50,resnet,bing,20/80,0.2283737,0.35,0.11409395973154363
77,bing,True,RFGSM,alexnet,50/50,resnet,bing,30/70,0.24054983,0.3873239436619718,0.10067114093959731
78,bing,True,RFGSM,alexnet,50/50,resnet,bing,40/60,0.22525597,0.2602739726027397,0.19047619047619047
79,bing,True,RFGSM,alexnet,50/50,resnet,bing,50/50,0.22108842,0.2108843537414966,0.23129251700680273
80,bing,True,RFGSM,alexnet,50/50,vgg,bing,20/80,0.22569445,0.35714285714285715,0.10135135135135136
81,bing,True,RFGSM,alexnet,50/50,vgg,bing,30/70,0.25259516,0.4154929577464789,0.09523809523809523
82,bing,True,RFGSM,alexnet,50/50,vgg,bing,40/60,0.23630136,0.296551724137931,0.17687074829931973
83,bing,True,RFGSM,alexnet,50/50,vgg,bing,50/50,0.21232876,0.3013698630136986,0.1232876712328767
84,bing,True,RFGSM,alexnet,50/50,alexnet,google,20/80,0.5233334,0.6933333333333334,0.35333333333333333
85,bing,True,RFGSM,alexnet,50/50,alexnet,google,30/70,0.51,0.64,0.38
86,bing,True,RFGSM,alexnet,50/50,alexnet,google,40/60,0.48666668,0.6,0.37333333333333335
87,bing,True,RFGSM,alexnet,50/50,alexnet,google,50/50,0.47333336,0.5066666666666667,0.44
88,bing,True,RFGSM,alexnet,50/50,resnet,google,20/80,0.25666666,0.36666666666666664,0.14666666666666667
89,bing,True,RFGSM,alexnet,50/50,resnet,google,30/70,0.25,0.31333333333333335,0.18666666666666668
90,bing,True,RFGSM,alexnet,50/50,resnet,google,40/60,0.24666667,0.2733333333333333,0.22
91,bing,True,RFGSM,alexnet,50/50,resnet,google,50/50,0.26000002,0.23333333333333334,0.2866666666666667
92,bing,True,RFGSM,alexnet,50/50,vgg,google,20/80,0.28333333,0.38,0.18666666666666668
93,bing,True,RFGSM,alexnet,50/50,vgg,google,30/70,0.29333335,0.3933333333333333,0.19333333333333333
94,bing,True,RFGSM,alexnet,50/50,vgg,google,40/60,0.26000002,0.32666666666666666,0.19333333333333333
95,bing,True,RFGSM,alexnet,50/50,vgg,google,50/50,0.26000002,0.2866666666666667,0.23333333333333334
96,bing,True,RFGSM,resnet,20/80,alexnet,bing,20/80,0.07829181,0.14814814814814814,0.0136986301369863
97,bing,True,RFGSM,resnet,20/80,alexnet,bing,30/70,0.059859153,0.09558823529411764,0.02702702702702703
98,bing,True,RFGSM,resnet,20/80,alexnet,bing,40/60,0.045774646,0.06474820143884892,0.027586206896551724
99,bing,True,RFGSM,resnet,20/80,alexnet,bing,50/50,0.034722224,0.041666666666666664,0.027777777777777776
100,bing,True,RFGSM,resnet,20/80,resnet,bing,20/80,0.23529412,0.3357142857142857,0.14093959731543623
101,bing,True,RFGSM,resnet,20/80,resnet,bing,30/70,0.21649484,0.33098591549295775,0.10738255033557047
102,bing,True,RFGSM,resnet,20/80,resnet,bing,40/60,0.18088737,0.21232876712328766,0.14965986394557823
103,bing,True,RFGSM,resnet,20/80,resnet,bing,50/50,0.15986395,0.14285714285714285,0.17687074829931973
104,bing,True,RFGSM,resnet,20/80,vgg,bing,20/80,0.090277776,0.15,0.033783783783783786
105,bing,True,RFGSM,resnet,20/80,vgg,bing,30/70,0.08650519,0.14788732394366197,0.027210884353741496
106,bing,True,RFGSM,resnet,20/80,vgg,bing,40/60,0.07534246,0.08275862068965517,0.06802721088435375
107,bing,True,RFGSM,resnet,20/80,vgg,bing,50/50,0.07876712,0.10273972602739725,0.0547945205479452
108,bing,True,RFGSM,resnet,20/80,alexnet,google,20/80,0.10666667,0.20666666666666667,0.006666666666666667
109,bing,True,RFGSM,resnet,20/80,alexnet,google,30/70,0.093333334,0.15333333333333332,0.03333333333333333
110,bing,True,RFGSM,resnet,20/80,alexnet,google,40/60,0.07,0.08666666666666667,0.05333333333333334
111,bing,True,RFGSM,resnet,20/80,alexnet,google,50/50,0.08,0.08,0.08
112,bing,True,RFGSM,resnet,20/80,resnet,google,20/80,0.21000001,0.2866666666666667,0.13333333333333333
113,bing,True,RFGSM,resnet,20/80,resnet,google,30/70,0.2,0.25333333333333335,0.14666666666666667
114,bing,True,RFGSM,resnet,20/80,resnet,google,40/60,0.17666668,0.17333333333333334,0.18
115,bing,True,RFGSM,resnet,20/80,resnet,google,50/50,0.17333333,0.14,0.20666666666666667
116,bing,True,RFGSM,resnet,20/80,vgg,google,20/80,0.11333334,0.17333333333333334,0.05333333333333334
117,bing,True,RFGSM,resnet,20/80,vgg,google,30/70,0.10666667,0.15333333333333332,0.06
118,bing,True,RFGSM,resnet,20/80,vgg,google,40/60,0.086666666,0.09333333333333334,0.08
119,bing,True,RFGSM,resnet,20/80,vgg,google,50/50,0.07666667,0.07333333333333333,0.08
120,bing,True,RFGSM,resnet,30/70,alexnet,bing,20/80,0.07829181,0.14814814814814814,0.0136986301369863
121,bing,True,RFGSM,resnet,30/70,alexnet,bing,30/70,0.049295776,0.08823529411764706,0.013513513513513514
122,bing,True,RFGSM,resnet,30/70,alexnet,bing,40/60,0.049295776,0.07194244604316546,0.027586206896551724
123,bing,True,RFGSM,resnet,30/70,alexnet,bing,50/50,0.038194444,0.04861111111111111,0.027777777777777776
124,bing,True,RFGSM,resnet,30/70,resnet,bing,20/80,0.21453288,0.32857142857142857,0.10738255033557047
125,bing,True,RFGSM,resnet,30/70,resnet,bing,30/70,0.209622,0.31690140845070425,0.10738255033557047
126,bing,True,RFGSM,resnet,30/70,resnet,bing,40/60,0.18430033,0.21232876712328766,0.1564625850340136
127,bing,True,RFGSM,resnet,30/70,resnet,bing,50/50,0.15306123,0.11564625850340136,0.19047619047619047
128,bing,True,RFGSM,resnet,30/70,vgg,bing,20/80,0.10069445,0.15714285714285714,0.0472972972972973
129,bing,True,RFGSM,resnet,30/70,vgg,bing,30/70,0.10034602,0.1619718309859155,0.04081632653061224
130,bing,True,RFGSM,resnet,30/70,vgg,bing,40/60,0.06849315,0.07586206896551724,0.061224489795918366
131,bing,True,RFGSM,resnet,30/70,vgg,bing,50/50,0.07191781,0.08904109589041095,0.0547945205479452
132,bing,True,RFGSM,resnet,30/70,alexnet,google,20/80,0.10666667,0.20666666666666667,0.006666666666666667
133,bing,True,RFGSM,resnet,30/70,alexnet,google,30/70,0.09666667,0.16666666666666666,0.02666666666666667
134,bing,True,RFGSM,resnet,30/70,alexnet,google,40/60,0.07666667,0.10666666666666667,0.04666666666666667
135,bing,True,RFGSM,resnet,30/70,alexnet,google,50/50,0.07666667,0.08,0.07333333333333333
136,bing,True,RFGSM,resnet,30/70,resnet,google,20/80,0.19666667,0.28,0.11333333333333333
137,bing,True,RFGSM,resnet,30/70,resnet,google,30/70,0.20333333,0.24666666666666667,0.16
138,bing,True,RFGSM,resnet,30/70,resnet,google,40/60,0.17,0.17333333333333334,0.16666666666666666
139,bing,True,RFGSM,resnet,30/70,resnet,google,50/50,0.16,0.13333333333333333,0.18666666666666668
140,bing,True,RFGSM,resnet,30/70,vgg,google,20/80,0.13000001,0.2,0.06
141,bing,True,RFGSM,resnet,30/70,vgg,google,30/70,0.10666667,0.14,0.07333333333333333
142,bing,True,RFGSM,resnet,30/70,vgg,google,40/60,0.083333336,0.09333333333333334,0.07333333333333333
143,bing,True,RFGSM,resnet,30/70,vgg,google,50/50,0.093333334,0.08666666666666667,0.1
144,bing,True,RFGSM,resnet,40/60,alexnet,bing,20/80,0.06049822,0.11851851851851852,0.00684931506849315
145,bing,True,RFGSM,resnet,40/60,alexnet,bing,30/70,0.049295776,0.09558823529411764,0.006756756756756757
146,bing,True,RFGSM,resnet,40/60,alexnet,bing,40/60,0.038732395,0.06474820143884892,0.013793103448275862
147,bing,True,RFGSM,resnet,40/60,alexnet,bing,50/50,0.038194444,0.04861111111111111,0.027777777777777776
148,bing,True,RFGSM,resnet,40/60,resnet,bing,20/80,0.22491351,0.37142857142857144,0.087248322147651
149,bing,True,RFGSM,resnet,40/60,resnet,bing,30/70,0.23024055,0.38028169014084506,0.087248322147651
150,bing,True,RFGSM,resnet,40/60,resnet,bing,40/60,0.20136519,0.2671232876712329,0.1360544217687075
151,bing,True,RFGSM,resnet,40/60,resnet,bing,50/50,0.18707483,0.17687074829931973,0.19727891156462585
152,bing,True,RFGSM,resnet,40/60,vgg,bing,20/80,0.104166664,0.18571428571428572,0.02702702702702703
153,bing,True,RFGSM,resnet,40/60,vgg,bing,30/70,0.12456748,0.20422535211267606,0.047619047619047616
154,bing,True,RFGSM,resnet,40/60,vgg,bing,40/60,0.08561644,0.10344827586206896,0.06802721088435375
155,bing,True,RFGSM,resnet,40/60,vgg,bing,50/50,0.09246575,0.1232876712328767,0.06164383561643835
156,bing,True,RFGSM,resnet,40/60,alexnet,google,20/80,0.1,0.2,0.0
157,bing,True,RFGSM,resnet,40/60,alexnet,google,30/70,0.10333334,0.18666666666666668,0.02
158,bing,True,RFGSM,resnet,40/60,alexnet,google,40/60,0.08,0.11333333333333333,0.04666666666666667
159,bing,True,RFGSM,resnet,40/60,alexnet,google,50/50,0.07666667,0.09333333333333334,0.06
160,bing,True,RFGSM,resnet,40/60,resnet,google,20/80,0.20333333,0.32,0.08666666666666667
161,bing,True,RFGSM,resnet,40/60,resnet,google,30/70,0.20333333,0.29333333333333333,0.11333333333333333
162,bing,True,RFGSM,resnet,40/60,resnet,google,40/60,0.18,0.20666666666666667,0.15333333333333332
163,bing,True,RFGSM,resnet,40/60,resnet,google,50/50,0.18333334,0.17333333333333334,0.19333333333333333
164,bing,True,RFGSM,resnet,40/60,vgg,google,20/80,0.12666667,0.19333333333333333,0.06
165,bing,True,RFGSM,resnet,40/60,vgg,google,30/70,0.11333334,0.16666666666666666,0.06
166,bing,True,RFGSM,resnet,40/60,vgg,google,40/60,0.1,0.11333333333333333,0.08666666666666667
167,bing,True,RFGSM,resnet,40/60,vgg,google,50/50,0.09666667,0.1,0.09333333333333334
168,bing,True,RFGSM,resnet,50/50,alexnet,bing,20/80,0.07829181,0.14814814814814814,0.0136986301369863
169,bing,True,RFGSM,resnet,50/50,alexnet,bing,30/70,0.056338027,0.10294117647058823,0.013513513513513514
170,bing,True,RFGSM,resnet,50/50,alexnet,bing,40/60,0.038732395,0.06474820143884892,0.013793103448275862
171,bing,True,RFGSM,resnet,50/50,alexnet,bing,50/50,0.034722224,0.04861111111111111,0.020833333333333332
172,bing,True,RFGSM,resnet,50/50,resnet,bing,20/80,0.21107267,0.34285714285714286,0.087248322147651
173,bing,True,RFGSM,resnet,50/50,resnet,bing,30/70,0.2371134,0.4084507042253521,0.0738255033557047
174,bing,True,RFGSM,resnet,50/50,resnet,bing,40/60,0.19795221,0.273972602739726,0.12244897959183673
175,bing,True,RFGSM,resnet,50/50,resnet,bing,50/50,0.19047618,0.21768707482993196,0.16326530612244897
176,bing,True,RFGSM,resnet,50/50,vgg,bing,20/80,0.09375,0.17142857142857143,0.02027027027027027
177,bing,True,RFGSM,resnet,50/50,vgg,bing,30/70,0.10726644,0.176056338028169,0.04081632653061224
178,bing,True,RFGSM,resnet,50/50,vgg,bing,40/60,0.09246575,0.12413793103448276,0.061224489795918366
179,bing,True,RFGSM,resnet,50/50,vgg,bing,50/50,0.09246575,0.136986301369863,0.04794520547945205
180,bing,True,RFGSM,resnet,50/50,alexnet,google,20/80,0.11,0.21333333333333335,0.006666666666666667
181,bing,True,RFGSM,resnet,50/50,alexnet,google,30/70,0.11,0.2,0.02
182,bing,True,RFGSM,resnet,50/50,alexnet,google,40/60,0.07333334,0.10666666666666667,0.04
183,bing,True,RFGSM,resnet,50/50,alexnet,google,50/50,0.07666667,0.09333333333333334,0.06
184,bing,True,RFGSM,resnet,50/50,resnet,google,20/80,0.21333334,0.32666666666666666,0.1
185,bing,True,RFGSM,resnet,50/50,resnet,google,30/70,0.22333334,0.32,0.12666666666666668
186,bing,True,RFGSM,resnet,50/50,resnet,google,40/60,0.19333334,0.22666666666666666,0.16
187,bing,True,RFGSM,resnet,50/50,resnet,google,50/50,0.18666667,0.18,0.19333333333333333
188,bing,True,RFGSM,resnet,50/50,vgg,google,20/80,0.12666667,0.20666666666666667,0.04666666666666667
189,bing,True,RFGSM,resnet,50/50,vgg,google,30/70,0.11666667,0.16666666666666666,0.06666666666666667
190,bing,True,RFGSM,resnet,50/50,vgg,google,40/60,0.1,0.11333333333333333,0.08666666666666667
191,bing,True,RFGSM,resnet,50/50,vgg,google,50/50,0.093333334,0.1,0.08666666666666667
192,bing,True,RFGSM,vgg,20/80,alexnet,bing,20/80,0.0569395,0.1037037037037037,0.0136986301369863
193,bing,True,RFGSM,vgg,20/80,alexnet,bing,30/70,0.03169014,0.058823529411764705,0.006756756756756757
194,bing,True,RFGSM,vgg,20/80,alexnet,bing,40/60,0.035211265,0.04316546762589928,0.027586206896551724
195,bing,True,RFGSM,vgg,20/80,alexnet,bing,50/50,0.024305556,0.027777777777777776,0.020833333333333332
196,bing,True,RFGSM,vgg,20/80,resnet,bing,20/80,0.0449827,0.07142857142857142,0.020134228187919462
197,bing,True,RFGSM,vgg,20/80,resnet,bing,30/70,0.041237116,0.07746478873239436,0.006711409395973154
198,bing,True,RFGSM,vgg,20/80,resnet,bing,40/60,0.04095563,0.0547945205479452,0.027210884353741496
199,bing,True,RFGSM,vgg,20/80,resnet,bing,50/50,0.047619045,0.02040816326530612,0.07482993197278912
200,bing,True,RFGSM,vgg,20/80,vgg,bing,20/80,0.27083334,0.35714285714285715,0.1891891891891892
201,bing,True,RFGSM,vgg,20/80,vgg,bing,30/70,0.22491351,0.29577464788732394,0.1564625850340136
202,bing,True,RFGSM,vgg,20/80,vgg,bing,40/60,0.22260274,0.23448275862068965,0.2108843537414966
203,bing,True,RFGSM,vgg,20/80,vgg,bing,50/50,0.20547944,0.2328767123287671,0.1780821917808219
204,bing,True,RFGSM,vgg,20/80,alexnet,google,20/80,0.09666667,0.18,0.013333333333333334
205,bing,True,RFGSM,vgg,20/80,alexnet,google,30/70,0.086666666,0.14,0.03333333333333333
206,bing,True,RFGSM,vgg,20/80,alexnet,google,40/60,0.05666667,0.07333333333333333,0.04
207,bing,True,RFGSM,vgg,20/80,alexnet,google,50/50,0.07333334,0.08,0.06666666666666667
208,bing,True,RFGSM,vgg,20/80,resnet,google,20/80,0.06666667,0.12,0.013333333333333334
209,bing,True,RFGSM,vgg,20/80,resnet,google,30/70,0.05666667,0.07333333333333333,0.04
210,bing,True,RFGSM,vgg,20/80,resnet,google,40/60,0.053333335,0.06,0.04666666666666667
211,bing,True,RFGSM,vgg,20/80,resnet,google,50/50,0.05,0.04,0.06
212,bing,True,RFGSM,vgg,20/80,vgg,google,20/80,0.25333333,0.2866666666666667,0.22
213,bing,True,RFGSM,vgg,20/80,vgg,google,30/70,0.23333333,0.26,0.20666666666666667
214,bing,True,RFGSM,vgg,20/80,vgg,google,40/60,0.22333334,0.2,0.24666666666666667
215,bing,True,RFGSM,vgg,20/80,vgg,google,50/50,0.21333334,0.17333333333333334,0.25333333333333335
216,bing,True,RFGSM,vgg,30/70,alexnet,bing,20/80,0.06761566,0.1259259259259259,0.0136986301369863
217,bing,True,RFGSM,vgg,30/70,alexnet,bing,30/70,0.035211265,0.07352941176470588,0.0
218,bing,True,RFGSM,vgg,30/70,alexnet,bing,40/60,0.035211265,0.04316546762589928,0.027586206896551724
219,bing,True,RFGSM,vgg,30/70,alexnet,bing,50/50,0.024305556,0.027777777777777776,0.020833333333333332
220,bing,True,RFGSM,vgg,30/70,resnet,bing,20/80,0.04152249,0.07142857142857142,0.013422818791946308
221,bing,True,RFGSM,vgg,30/70,resnet,bing,30/70,0.048109967,0.08450704225352113,0.013422818791946308
222,bing,True,RFGSM,vgg,30/70,resnet,bing,40/60,0.061433446,0.0821917808219178,0.04081632653061224
223,bing,True,RFGSM,vgg,30/70,resnet,bing,50/50,0.06462585,0.04081632653061224,0.08843537414965986
224,bing,True,RFGSM,vgg,30/70,vgg,bing,20/80,0.26041666,0.35,0.17567567567567569
225,bing,True,RFGSM,vgg,30/70,vgg,bing,30/70,0.26643598,0.352112676056338,0.1836734693877551
226,bing,True,RFGSM,vgg,30/70,vgg,bing,40/60,0.22945206,0.2482758620689655,0.2108843537414966
227,bing,True,RFGSM,vgg,30/70,vgg,bing,50/50,0.21917808,0.2465753424657534,0.1917808219178082
228,bing,True,RFGSM,vgg,30/70,alexnet,google,20/80,0.10333334,0.2,0.006666666666666667
229,bing,True,RFGSM,vgg,30/70,alexnet,google,30/70,0.09666667,0.15333333333333332,0.04
230,bing,True,RFGSM,vgg,30/70,alexnet,google,40/60,0.07,0.08666666666666667,0.05333333333333334
231,bing,True,RFGSM,vgg,30/70,alexnet,google,50/50,0.07333334,0.07333333333333333,0.07333333333333333
232,bing,True,RFGSM,vgg,30/70,resnet,google,20/80,0.08,0.14666666666666667,0.013333333333333334
233,bing,True,RFGSM,vgg,30/70,resnet,google,30/70,0.06666667,0.08,0.05333333333333334
234,bing,True,RFGSM,vgg,30/70,resnet,google,40/60,0.060000002,0.06666666666666667,0.05333333333333334
235,bing,True,RFGSM,vgg,30/70,resnet,google,50/50,0.05666667,0.04666666666666667,0.06666666666666667
236,bing,True,RFGSM,vgg,30/70,vgg,google,20/80,0.26333335,0.32,0.20666666666666667
237,bing,True,RFGSM,vgg,30/70,vgg,google,30/70,0.26666668,0.32666666666666666,0.20666666666666667
238,bing,True,RFGSM,vgg,30/70,vgg,google,40/60,0.25,0.26,0.24
239,bing,True,RFGSM,vgg,30/70,vgg,google,50/50,0.24000001,0.23333333333333334,0.24666666666666667
240,bing,True,RFGSM,vgg,40/60,alexnet,bing,20/80,0.06761566,0.13333333333333333,0.00684931506849315
241,bing,True,RFGSM,vgg,40/60,alexnet,bing,30/70,0.049295776,0.08088235294117647,0.02027027027027027
242,bing,True,RFGSM,vgg,40/60,alexnet,bing,40/60,0.04225352,0.05755395683453238,0.027586206896551724
243,bing,True,RFGSM,vgg,40/60,alexnet,bing,50/50,0.017361112,0.013888888888888888,0.020833333333333332
244,bing,True,RFGSM,vgg,40/60,resnet,bing,20/80,0.055363324,0.08571428571428572,0.026845637583892617
245,bing,True,RFGSM,vgg,40/60,resnet,bing,30/70,0.05154639,0.09154929577464789,0.013422818791946308
246,bing,True,RFGSM,vgg,40/60,resnet,bing,40/60,0.04095563,0.0547945205479452,0.027210884353741496
247,bing,True,RFGSM,vgg,40/60,resnet,bing,50/50,0.054421768,0.034013605442176874,0.07482993197278912
248,bing,True,RFGSM,vgg,40/60,vgg,bing,20/80,0.28472224,0.39285714285714285,0.18243243243243243
249,bing,True,RFGSM,vgg,40/60,vgg,bing,30/70,0.2733564,0.38028169014084506,0.17006802721088435
250,bing,True,RFGSM,vgg,40/60,vgg,bing,40/60,0.26712328,0.32413793103448274,0.2108843537414966
251,bing,True,RFGSM,vgg,40/60,vgg,bing,50/50,0.26369864,0.3219178082191781,0.2054794520547945
252,bing,True,RFGSM,vgg,40/60,alexnet,google,20/80,0.11,0.20666666666666667,0.013333333333333334
253,bing,True,RFGSM,vgg,40/60,alexnet,google,30/70,0.086666666,0.14666666666666667,0.02666666666666667
254,bing,True,RFGSM,vgg,40/60,alexnet,google,40/60,0.06666667,0.08666666666666667,0.04666666666666667
255,bing,True,RFGSM,vgg,40/60,alexnet,google,50/50,0.07,0.07333333333333333,0.06666666666666667
256,bing,True,RFGSM,vgg,40/60,resnet,google,20/80,0.08,0.14,0.02
257,bing,True,RFGSM,vgg,40/60,resnet,google,30/70,0.060000002,0.08666666666666667,0.03333333333333333
258,bing,True,RFGSM,vgg,40/60,resnet,google,40/60,0.053333335,0.06,0.04666666666666667
259,bing,True,RFGSM,vgg,40/60,resnet,google,50/50,0.053333335,0.04666666666666667,0.06
260,bing,True,RFGSM,vgg,40/60,vgg,google,20/80,0.28333333,0.37333333333333335,0.19333333333333333
261,bing,True,RFGSM,vgg,40/60,vgg,google,30/70,0.28333333,0.36666666666666664,0.2
262,bing,True,RFGSM,vgg,40/60,vgg,google,40/60,0.27,0.2733333333333333,0.26666666666666666
263,bing,True,RFGSM,vgg,40/60,vgg,google,50/50,0.26000002,0.24666666666666667,0.2733333333333333
264,bing,True,RFGSM,vgg,50/50,alexnet,bing,20/80,0.053380784,0.1037037037037037,0.00684931506849315
265,bing,True,RFGSM,vgg,50/50,alexnet,bing,30/70,0.045774646,0.08088235294117647,0.013513513513513514
266,bing,True,RFGSM,vgg,50/50,alexnet,bing,40/60,0.038732395,0.050359712230215826,0.027586206896551724
267,bing,True,RFGSM,vgg,50/50,alexnet,bing,50/50,0.020833334,0.020833333333333332,0.020833333333333332
268,bing,True,RFGSM,vgg,50/50,resnet,bing,20/80,0.04152249,0.07142857142857142,0.013422818791946308
269,bing,True,RFGSM,vgg,50/50,resnet,bing,30/70,0.05498282,0.1056338028169014,0.006711409395973154
270,bing,True,RFGSM,vgg,50/50,resnet,bing,40/60,0.047781568,0.07534246575342465,0.02040816326530612
271,bing,True,RFGSM,vgg,50/50,resnet,bing,50/50,0.047619045,0.034013605442176874,0.061224489795918366
272,bing,True,RFGSM,vgg,50/50,vgg,bing,20/80,0.26041666,0.4,0.12837837837837837
273,bing,True,RFGSM,vgg,50/50,vgg,bing,30/70,0.23183392,0.3591549295774648,0.10884353741496598
274,bing,True,RFGSM,vgg,50/50,vgg,bing,40/60,0.2260274,0.2827586206896552,0.17006802721088435
275,bing,True,RFGSM,vgg,50/50,vgg,bing,50/50,0.23287672,0.3150684931506849,0.1506849315068493
276,bing,True,RFGSM,vgg,50/50,alexnet,google,20/80,0.10666667,0.20666666666666667,0.006666666666666667
277,bing,True,RFGSM,vgg,50/50,alexnet,google,30/70,0.083333336,0.14,0.02666666666666667
278,bing,True,RFGSM,vgg,50/50,alexnet,google,40/60,0.06333333,0.08,0.04666666666666667
279,bing,True,RFGSM,vgg,50/50,alexnet,google,50/50,0.07,0.08,0.06
280,bing,True,RFGSM,vgg,50/50,resnet,google,20/80,0.08,0.14,0.02
281,bing,True,RFGSM,vgg,50/50,resnet,google,30/70,0.05666667,0.08,0.03333333333333333
282,bing,True,RFGSM,vgg,50/50,resnet,google,40/60,0.053333335,0.06,0.04666666666666667
283,bing,True,RFGSM,vgg,50/50,resnet,google,50/50,0.053333335,0.04666666666666667,0.06
284,bing,True,RFGSM,vgg,50/50,vgg,google,20/80,0.25333333,0.3466666666666667,0.16
285,bing,True,RFGSM,vgg,50/50,vgg,google,30/70,0.26000002,0.35333333333333333,0.16666666666666666
286,bing,True,RFGSM,vgg,50/50,vgg,google,40/60,0.24333334,0.2733333333333333,0.21333333333333335
287,bing,True,RFGSM,vgg,50/50,vgg,google,50/50,0.22333334,0.23333333333333334,0.21333333333333335
288,google,True,RFGSM,alexnet,20/80,alexnet,bing,20/80,0.48333335,0.5466666666666666,0.42
289,google,True,RFGSM,alexnet,20/80,alexnet,bing,30/70,0.5,0.5466666666666666,0.4533333333333333
290,google,True,RFGSM,alexnet,20/80,alexnet,bing,40/60,0.53000003,0.54,0.52
291,google,True,RFGSM,alexnet,20/80,alexnet,bing,50/50,0.54333335,0.52,0.5666666666666667
292,google,True,RFGSM,alexnet,20/80,resnet,bing,20/80,0.23666668,0.31333333333333335,0.16
293,google,True,RFGSM,alexnet,20/80,resnet,bing,30/70,0.25333333,0.35333333333333333,0.15333333333333332
294,google,True,RFGSM,alexnet,20/80,resnet,bing,40/60,0.23,0.24,0.22
295,google,True,RFGSM,alexnet,20/80,resnet,bing,50/50,0.25333333,0.17333333333333334,0.3333333333333333
296,google,True,RFGSM,alexnet,20/80,vgg,bing,20/80,0.25,0.3,0.2
297,google,True,RFGSM,alexnet,20/80,vgg,bing,30/70,0.25666666,0.3,0.21333333333333335
298,google,True,RFGSM,alexnet,20/80,vgg,bing,40/60,0.26000002,0.25333333333333335,0.26666666666666666
299,google,True,RFGSM,alexnet,20/80,vgg,bing,50/50,0.27333334,0.28,0.26666666666666666
300,google,True,RFGSM,alexnet,20/80,alexnet,google,20/80,0.575,0.6642857142857143,0.4857142857142857
301,google,True,RFGSM,alexnet,20/80,alexnet,google,30/70,0.5143885,0.5971223021582733,0.4316546762589928
302,google,True,RFGSM,alexnet,20/80,alexnet,google,40/60,0.5,0.5289855072463768,0.47101449275362317
303,google,True,RFGSM,alexnet,20/80,alexnet,google,50/50,0.46296296,0.43703703703703706,0.4888888888888889
304,google,True,RFGSM,alexnet,20/80,resnet,google,20/80,0.2777778,0.3611111111111111,0.19444444444444445
305,google,True,RFGSM,alexnet,20/80,resnet,google,30/70,0.26870748,0.30612244897959184,0.23129251700680273
306,google,True,RFGSM,alexnet,20/80,resnet,google,40/60,0.2585034,0.2653061224489796,0.25170068027210885
307,google,True,RFGSM,alexnet,20/80,resnet,google,50/50,0.26712328,0.22602739726027396,0.3082191780821918
308,google,True,RFGSM,alexnet,20/80,vgg,google,20/80,0.30136985,0.3698630136986301,0.2328767123287671
309,google,True,RFGSM,alexnet,20/80,vgg,google,30/70,0.30479452,0.363013698630137,0.2465753424657534
310,google,True,RFGSM,alexnet,20/80,vgg,google,40/60,0.2972973,0.2972972972972973,0.2972972972972973
311,google,True,RFGSM,alexnet,20/80,vgg,google,50/50,0.29054055,0.2702702702702703,0.3108108108108108
312,google,True,RFGSM,alexnet,30/70,alexnet,bing,20/80,0.48666668,0.5333333333333333,0.44
313,google,True,RFGSM,alexnet,30/70,alexnet,bing,30/70,0.48000002,0.5133333333333333,0.44666666666666666
314,google,True,RFGSM,alexnet,30/70,alexnet,bing,40/60,0.49666667,0.49333333333333335,0.5
315,google,True,RFGSM,alexnet,30/70,alexnet,bing,50/50,0.49333334,0.4533333333333333,0.5333333333333333
316,google,True,RFGSM,alexnet,30/70,resnet,bing,20/80,0.23666668,0.28,0.19333333333333333
317,google,True,RFGSM,alexnet,30/70,resnet,bing,30/70,0.22333334,0.30666666666666664,0.14
318,google,True,RFGSM,alexnet,30/70,resnet,bing,40/60,0.21000001,0.17333333333333334,0.24666666666666667
319,google,True,RFGSM,alexnet,30/70,resnet,bing,50/50,0.23333333,0.11333333333333333,0.35333333333333333
320,google,True,RFGSM,alexnet,30/70,vgg,bing,20/80,0.23333333,0.26,0.20666666666666667
321,google,True,RFGSM,alexnet,30/70,vgg,bing,30/70,0.23,0.26666666666666666,0.19333333333333333
322,google,True,RFGSM,alexnet,30/70,vgg,bing,40/60,0.23333333,0.21333333333333335,0.25333333333333335
323,google,True,RFGSM,alexnet,30/70,vgg,bing,50/50,0.22,0.2,0.24
324,google,True,RFGSM,alexnet,30/70,alexnet,google,20/80,0.5107143,0.6,0.42142857142857143
325,google,True,RFGSM,alexnet,30/70,alexnet,google,30/70,0.5215827,0.5971223021582733,0.4460431654676259
326,google,True,RFGSM,alexnet,30/70,alexnet,google,40/60,0.45652175,0.45652173913043476,0.45652173913043476
327,google,True,RFGSM,alexnet,30/70,alexnet,google,50/50,0.44074073,0.3851851851851852,0.4962962962962963
328,google,True,RFGSM,alexnet,30/70,resnet,google,20/80,0.2326389,0.3125,0.1527777777777778
329,google,True,RFGSM,alexnet,30/70,resnet,google,30/70,0.26190475,0.2653061224489796,0.2585034013605442
330,google,True,RFGSM,alexnet,30/70,resnet,google,40/60,0.26190475,0.23129251700680273,0.2925170068027211
331,google,True,RFGSM,alexnet,30/70,resnet,google,50/50,0.26027396,0.18493150684931506,0.3356164383561644
332,google,True,RFGSM,alexnet,30/70,vgg,google,20/80,0.24315068,0.2876712328767123,0.19863013698630136
333,google,True,RFGSM,alexnet,30/70,vgg,google,30/70,0.25684932,0.3013698630136986,0.21232876712328766
334,google,True,RFGSM,alexnet,30/70,vgg,google,40/60,0.2533784,0.23648648648648649,0.2702702702702703
335,google,True,RFGSM,alexnet,30/70,vgg,google,50/50,0.24662162,0.18243243243243243,0.3108108108108108
336,google,True,RFGSM,alexnet,40/60,alexnet,bing,20/80,0.45000002,0.5066666666666667,0.3933333333333333
337,google,True,RFGSM,alexnet,40/60,alexnet,bing,30/70,0.44333336,0.5,0.38666666666666666
338,google,True,RFGSM,alexnet,40/60,alexnet,bing,40/60,0.46,0.49333333333333335,0.4266666666666667
339,google,True,RFGSM,alexnet,40/60,alexnet,bing,50/50,0.46333334,0.44666666666666666,0.48
340,google,True,RFGSM,alexnet,40/60,resnet,bing,20/80,0.20666668,0.26666666666666666,0.14666666666666667
341,google,True,RFGSM,alexnet,40/60,resnet,bing,30/70,0.21333334,0.30666666666666664,0.12
342,google,True,RFGSM,alexnet,40/60,resnet,bing,40/60,0.18666667,0.18666666666666668,0.18666666666666668
343,google,True,RFGSM,alexnet,40/60,resnet,bing,50/50,0.19,0.12666666666666668,0.25333333333333335
344,google,True,RFGSM,alexnet,40/60,vgg,bing,20/80,0.22,0.26666666666666666,0.17333333333333334
345,google,True,RFGSM,alexnet,40/60,vgg,bing,30/70,0.21666667,0.26666666666666666,0.16666666666666666
346,google,True,RFGSM,alexnet,40/60,vgg,bing,40/60,0.20666668,0.18666666666666668,0.22666666666666666
347,google,True,RFGSM,alexnet,40/60,vgg,bing,50/50,0.19333334,0.18,0.20666666666666667
348,google,True,RFGSM,alexnet,40/60,alexnet,google,20/80,0.4892857,0.6142857142857143,0.36428571428571427
349,google,True,RFGSM,alexnet,40/60,alexnet,google,30/70,0.46043167,0.5467625899280576,0.37410071942446044
350,google,True,RFGSM,alexnet,40/60,alexnet,google,40/60,0.45289856,0.5,0.4057971014492754
351,google,True,RFGSM,alexnet,40/60,alexnet,google,50/50,0.4,0.3851851851851852,0.4148148148148148
352,google,True,RFGSM,alexnet,40/60,resnet,google,20/80,0.21180555,0.3194444444444444,0.10416666666666667
353,google,True,RFGSM,alexnet,40/60,resnet,google,30/70,0.21768707,0.272108843537415,0.16326530612244897
354,google,True,RFGSM,alexnet,40/60,resnet,google,40/60,0.21768707,0.23129251700680273,0.20408163265306123
355,google,True,RFGSM,alexnet,40/60,resnet,google,50/50,0.22260274,0.1917808219178082,0.2534246575342466
356,google,True,RFGSM,alexnet,40/60,vgg,google,20/80,0.24657534,0.3219178082191781,0.17123287671232876
357,google,True,RFGSM,alexnet,40/60,vgg,google,30/70,0.22945206,0.3013698630136986,0.15753424657534246
358,google,True,RFGSM,alexnet,40/60,vgg,google,40/60,0.22635135,0.23648648648648649,0.21621621621621623
359,google,True,RFGSM,alexnet,40/60,vgg,google,50/50,0.20608109,0.19594594594594594,0.21621621621621623
360,google,True,RFGSM,alexnet,50/50,alexnet,bing,20/80,0.43333334,0.4866666666666667,0.38
361,google,True,RFGSM,alexnet,50/50,alexnet,bing,30/70,0.46,0.5266666666666666,0.3933333333333333
362,google,True,RFGSM,alexnet,50/50,alexnet,bing,40/60,0.4766667,0.5,0.4533333333333333
363,google,True,RFGSM,alexnet,50/50,alexnet,bing,50/50,0.47333336,0.44,0.5066666666666667
364,google,True,RFGSM,alexnet,50/50,resnet,bing,20/80,0.19,0.25333333333333335,0.12666666666666668
365,google,True,RFGSM,alexnet,50/50,resnet,bing,30/70,0.17333333,0.26,0.08666666666666667
366,google,True,RFGSM,alexnet,50/50,resnet,bing,40/60,0.17333333,0.16,0.18666666666666668
367,google,True,RFGSM,alexnet,50/50,resnet,bing,50/50,0.20333333,0.12666666666666668,0.28
368,google,True,RFGSM,alexnet,50/50,vgg,bing,20/80,0.20666668,0.25333333333333335,0.16
369,google,True,RFGSM,alexnet,50/50,vgg,bing,30/70,0.21000001,0.25333333333333335,0.16666666666666666
370,google,True,RFGSM,alexnet,50/50,vgg,bing,40/60,0.21000001,0.20666666666666667,0.21333333333333335
371,google,True,RFGSM,alexnet,50/50,vgg,bing,50/50,0.21000001,0.21333333333333335,0.20666666666666667
372,google,True,RFGSM,alexnet,50/50,alexnet,google,20/80,0.46071428,0.5714285714285714,0.35
373,google,True,RFGSM,alexnet,50/50,alexnet,google,30/70,0.4532374,0.5611510791366906,0.34532374100719426
374,google,True,RFGSM,alexnet,50/50,alexnet,google,40/60,0.4094203,0.45652173913043476,0.36231884057971014
375,google,True,RFGSM,alexnet,50/50,alexnet,google,50/50,0.41111112,0.4,0.4222222222222222
376,google,True,RFGSM,alexnet,50/50,resnet,google,20/80,0.17361112,0.24305555555555555,0.10416666666666667
377,google,True,RFGSM,alexnet,50/50,resnet,google,30/70,0.1802721,0.19047619047619047,0.17006802721088435
378,google,True,RFGSM,alexnet,50/50,resnet,google,40/60,0.20068027,0.17006802721088435,0.23129251700680273
379,google,True,RFGSM,alexnet,50/50,resnet,google,50/50,0.21575342,0.15753424657534246,0.273972602739726
380,google,True,RFGSM,alexnet,50/50,vgg,google,20/80,0.21575342,0.2808219178082192,0.1506849315068493
381,google,True,RFGSM,alexnet,50/50,vgg,google,30/70,0.2260274,0.273972602739726,0.1780821917808219
382,google,True,RFGSM,alexnet,50/50,vgg,google,40/60,0.22635135,0.22972972972972974,0.22297297297297297
383,google,True,RFGSM,alexnet,50/50,vgg,google,50/50,0.22635135,0.21621621621621623,0.23648648648648649
384,google,True,RFGSM,resnet,20/80,alexnet,bing,20/80,0.086666666,0.13333333333333333,0.04
385,google,True,RFGSM,resnet,20/80,alexnet,bing,30/70,0.083333336,0.10666666666666667,0.06
386,google,True,RFGSM,resnet,20/80,alexnet,bing,40/60,0.083333336,0.08,0.08666666666666667
387,google,True,RFGSM,resnet,20/80,alexnet,bing,50/50,0.07666667,0.06,0.09333333333333334
388,google,True,RFGSM,resnet,20/80,resnet,bing,20/80,0.22,0.2733333333333333,0.16666666666666666
389,google,True,RFGSM,resnet,20/80,resnet,bing,30/70,0.2,0.29333333333333333,0.10666666666666667
390,google,True,RFGSM,resnet,20/80,resnet,bing,40/60,0.18333334,0.18,0.18666666666666668
391,google,True,RFGSM,resnet,20/80,resnet,bing,50/50,0.18333334,0.11333333333333333,0.25333333333333335
392,google,True,RFGSM,resnet,20/80,vgg,bing,20/80,0.13000001,0.15333333333333332,0.10666666666666667
393,google,True,RFGSM,resnet,20/80,vgg,bing,30/70,0.11333334,0.11333333333333333,0.11333333333333333
394,google,True,RFGSM,resnet,20/80,vgg,bing,40/60,0.11,0.07333333333333333,0.14666666666666667
395,google,True,RFGSM,resnet,20/80,vgg,bing,50/50,0.11666667,0.08,0.15333333333333332
396,google,True,RFGSM,resnet,20/80,alexnet,google,20/80,0.042857144,0.06428571428571428,0.02142857142857143
397,google,True,RFGSM,resnet,20/80,alexnet,google,30/70,0.02877698,0.02877697841726619,0.02877697841726619
398,google,True,RFGSM,resnet,20/80,alexnet,google,40/60,0.039855074,0.036231884057971016,0.043478260869565216
399,google,True,RFGSM,resnet,20/80,alexnet,google,50/50,0.02222222,0.014814814814814815,0.02962962962962963
400,google,True,RFGSM,resnet,20/80,resnet,google,20/80,0.24652778,0.2847222222222222,0.20833333333333334
401,google,True,RFGSM,resnet,20/80,resnet,google,30/70,0.24829932,0.2789115646258503,0.21768707482993196
402,google,True,RFGSM,resnet,20/80,resnet,google,40/60,0.2414966,0.2108843537414966,0.272108843537415
403,google,True,RFGSM,resnet,20/80,resnet,google,50/50,0.23972602,0.1643835616438356,0.3150684931506849
404,google,True,RFGSM,resnet,20/80,vgg,google,20/80,0.12328767,0.15753424657534246,0.08904109589041095
405,google,True,RFGSM,resnet,20/80,vgg,google,30/70,0.12671232,0.11643835616438356,0.136986301369863
406,google,True,RFGSM,resnet,20/80,vgg,google,40/60,0.11824325,0.08783783783783784,0.14864864864864866
407,google,True,RFGSM,resnet,20/80,vgg,google,50/50,0.10810811,0.0472972972972973,0.16891891891891891
408,google,True,RFGSM,resnet,30/70,alexnet,bing,20/80,0.09666667,0.14666666666666667,0.04666666666666667
409,google,True,RFGSM,resnet,30/70,alexnet,bing,30/70,0.093333334,0.12666666666666668,0.06
410,google,True,RFGSM,resnet,30/70,alexnet,bing,40/60,0.09,0.08666666666666667,0.09333333333333334
411,google,True,RFGSM,resnet,30/70,alexnet,bing,50/50,0.07666667,0.06,0.09333333333333334
412,google,True,RFGSM,resnet,30/70,resnet,bing,20/80,0.23333333,0.31333333333333335,0.15333333333333332
413,google,True,RFGSM,resnet,30/70,resnet,bing,30/70,0.21000001,0.31333333333333335,0.10666666666666667
