,source_dataset,isMath,attack,source_model,source_balancing,target_model,target_dataset,target_balancing,asr,asr_0,asr_1
0,bing,True,PGD,alexnet,20/80,alexnet,bing,20/80,0.48754448,0.7185185185185186,0.273972602739726
1,bing,True,PGD,alexnet,20/80,alexnet,bing,30/70,0.41197184,0.6176470588235294,0.22297297297297297
2,bing,True,PGD,alexnet,20/80,alexnet,bing,40/60,0.4366197,0.5611510791366906,0.31724137931034485
3,bing,True,PGD,alexnet,20/80,alexnet,bing,50/50,0.4236111,0.5208333333333334,0.3263888888888889
4,bing,True,PGD,alexnet,20/80,resnet,bing,20/80,0.15224914,0.2357142857142857,0.0738255033557047
5,bing,True,PGD,alexnet,20/80,resnet,bing,30/70,0.15463918,0.2535211267605634,0.06040268456375839
6,bing,True,PGD,alexnet,20/80,resnet,bing,40/60,0.17406143,0.18493150684931506,0.16326530612244897
7,bing,True,PGD,alexnet,20/80,resnet,bing,50/50,0.15986395,0.10884353741496598,0.2108843537414966
8,bing,True,PGD,alexnet,20/80,vgg,bing,20/80,0.25347224,0.4714285714285714,0.0472972972972973
9,bing,True,PGD,alexnet,20/80,vgg,bing,30/70,0.22491351,0.4014084507042254,0.05442176870748299
10,bing,True,PGD,alexnet,20/80,vgg,bing,40/60,0.23972602,0.38620689655172413,0.09523809523809523
11,bing,True,PGD,alexnet,20/80,vgg,bing,50/50,0.2089041,0.2945205479452055,0.1232876712328767
12,bing,True,PGD,alexnet,20/80,alexnet,google,20/80,0.46666667,0.6933333333333334,0.24
13,bing,True,PGD,alexnet,20/80,alexnet,google,30/70,0.43,0.5866666666666667,0.2733333333333333
14,bing,True,PGD,alexnet,20/80,alexnet,google,40/60,0.40666667,0.48,0.3333333333333333
15,bing,True,PGD,alexnet,20/80,alexnet,google,50/50,0.36666667,0.32666666666666666,0.4066666666666667
16,bing,True,PGD,alexnet,20/80,resnet,google,20/80,0.15666667,0.25333333333333335,0.06
17,bing,True,PGD,alexnet,20/80,resnet,google,30/70,0.19,0.20666666666666667,0.17333333333333334
18,bing,True,PGD,alexnet,20/80,resnet,google,40/60,0.20666668,0.17333333333333334,0.24
19,bing,True,PGD,alexnet,20/80,resnet,google,50/50,0.19666667,0.10666666666666667,0.2866666666666667
20,bing,True,PGD,alexnet,20/80,vgg,google,20/80,0.30333334,0.54,0.06666666666666667
21,bing,True,PGD,alexnet,20/80,vgg,google,30/70,0.29333335,0.5,0.08666666666666667
22,bing,True,PGD,alexnet,20/80,vgg,google,40/60,0.25666666,0.36666666666666664,0.14666666666666667
23,bing,True,PGD,alexnet,20/80,vgg,google,50/50,0.22,0.25333333333333335,0.18666666666666668
24,bing,True,PGD,alexnet,30/70,alexnet,bing,20/80,0.44839856,0.6888888888888889,0.22602739726027396
25,bing,True,PGD,alexnet,30/70,alexnet,bing,30/70,0.4612676,0.7205882352941176,0.22297297297297297
26,bing,True,PGD,alexnet,30/70,alexnet,bing,40/60,0.45422533,0.5971223021582733,0.31724137931034485
27,bing,True,PGD,alexnet,30/70,alexnet,bing,50/50,0.4340278,0.5138888888888888,0.3541666666666667
28,bing,True,PGD,alexnet,30/70,resnet,bing,20/80,0.19031143,0.29285714285714287,0.09395973154362416
29,bing,True,PGD,alexnet,30/70,resnet,bing,30/70,0.16494846,0.2746478873239437,0.06040268456375839
30,bing,True,PGD,alexnet,30/70,resnet,bing,40/60,0.16040955,0.1917808219178082,0.1292517006802721
31,bing,True,PGD,alexnet,30/70,resnet,bing,50/50,0.17006803,0.10884353741496598,0.23129251700680273
32,bing,True,PGD,alexnet,30/70,vgg,bing,20/80,0.27083334,0.5142857142857142,0.04054054054054054
33,bing,True,PGD,alexnet,30/70,vgg,bing,30/70,0.26643598,0.47183098591549294,0.06802721088435375
34,bing,True,PGD,alexnet,30/70,vgg,bing,40/60,0.27739725,0.42758620689655175,0.1292517006802721
35,bing,True,PGD,alexnet,30/70,vgg,bing,50/50,0.23972602,0.3356164383561644,0.14383561643835616
36,bing,True,PGD,alexnet,30/70,alexnet,google,20/80,0.47,0.7,0.24
37,bing,True,PGD,alexnet,30/70,alexnet,google,30/70,0.46,0.6333333333333333,0.2866666666666667
38,bing,True,PGD,alexnet,30/70,alexnet,google,40/60,0.42333335,0.5333333333333333,0.31333333333333335
39,bing,True,PGD,alexnet,30/70,alexnet,google,50/50,0.4,0.4066666666666667,0.3933333333333333
40,bing,True,PGD,alexnet,30/70,resnet,google,20/80,0.18666667,0.3,0.07333333333333333
41,bing,True,PGD,alexnet,30/70,resnet,google,30/70,0.19666667,0.2,0.19333333333333333
42,bing,True,PGD,alexnet,30/70,resnet,google,40/60,0.19333334,0.13333333333333333,0.25333333333333335
43,bing,True,PGD,alexnet,30/70,resnet,google,50/50,0.2,0.1,0.3
44,bing,True,PGD,alexnet,30/70,vgg,google,20/80,0.32,0.58,0.06
45,bing,True,PGD,alexnet,30/70,vgg,google,30/70,0.32,0.5466666666666666,0.09333333333333334
46,bing,True,PGD,alexnet,30/70,vgg,google,40/60,0.28666666,0.3933333333333333,0.18
47,bing,True,PGD,alexnet,30/70,vgg,google,50/50,0.25666666,0.28,0.23333333333333334
48,bing,True,PGD,alexnet,40/60,alexnet,bing,20/80,0.40213522,0.6814814814814815,0.14383561643835616
49,bing,True,PGD,alexnet,40/60,alexnet,bing,30/70,0.38732395,0.6323529411764706,0.16216216216216217
50,bing,True,PGD,alexnet,40/60,alexnet,bing,40/60,0.45070422,0.6330935251798561,0.27586206896551724
51,bing,True,PGD,alexnet,40/60,alexnet,bing,50/50,0.3923611,0.4930555555555556,0.2916666666666667
52,bing,True,PGD,alexnet,40/60,resnet,bing,20/80,0.18685122,0.3,0.08053691275167785
53,bing,True,PGD,alexnet,40/60,resnet,bing,30/70,0.19243987,0.33098591549295775,0.06040268456375839
54,bing,True,PGD,alexnet,40/60,resnet,bing,40/60,0.1774744,0.2328767123287671,0.12244897959183673
55,bing,True,PGD,alexnet,40/60,resnet,bing,50/50,0.1802721,0.14285714285714285,0.21768707482993196
56,bing,True,PGD,alexnet,40/60,vgg,bing,20/80,0.33680555,0.6571428571428571,0.033783783783783786
57,bing,True,PGD,alexnet,40/60,vgg,bing,30/70,0.2768166,0.5,0.061224489795918366
58,bing,True,PGD,alexnet,40/60,vgg,bing,40/60,0.28424656,0.47586206896551725,0.09523809523809523
59,bing,True,PGD,alexnet,40/60,vgg,bing,50/50,0.23630136,0.3356164383561644,0.136986301369863
60,bing,True,PGD,alexnet,40/60,alexnet,google,20/80,0.43333334,0.7133333333333334,0.15333333333333332
61,bing,True,PGD,alexnet,40/60,alexnet,google,30/70,0.41333336,0.62,0.20666666666666667
62,bing,True,PGD,alexnet,40/60,alexnet,google,40/60,0.38333336,0.48,0.2866666666666667
63,bing,True,PGD,alexnet,40/60,alexnet,google,50/50,0.37666667,0.38,0.37333333333333335
64,bing,True,PGD,alexnet,40/60,resnet,google,20/80,0.20666668,0.34,0.07333333333333333
65,bing,True,PGD,alexnet,40/60,resnet,google,30/70,0.20333333,0.2,0.20666666666666667
66,bing,True,PGD,alexnet,40/60,resnet,google,40/60,0.19666667,0.14,0.25333333333333335
67,bing,True,PGD,alexnet,40/60,resnet,google,50/50,0.19666667,0.07333333333333333,0.32
68,bing,True,PGD,alexnet,40/60,vgg,google,20/80,0.36,0.6933333333333334,0.02666666666666667
69,bing,True,PGD,alexnet,40/60,vgg,google,30/70,0.36666667,0.6733333333333333,0.06
70,bing,True,PGD,alexnet,40/60,vgg,google,40/60,0.28333333,0.4533333333333333,0.11333333333333333
71,bing,True,PGD,alexnet,40/60,vgg,google,50/50,0.24666667,0.30666666666666664,0.18666666666666668
72,bing,True,PGD,alexnet,50/50,alexnet,bing,20/80,0.48042706,0.7481481481481481,0.2328767123287671
73,bing,True,PGD,alexnet,50/50,alexnet,bing,30/70,0.45070422,0.7058823529411765,0.21621621621621623
74,bing,True,PGD,alexnet,50/50,alexnet,bing,40/60,0.46830985,0.6330935251798561,0.3103448275862069
75,bing,True,PGD,alexnet,50/50,alexnet,bing,50/50,0.5034722,0.6458333333333334,0.3611111111111111
76,bing,True,PGD,alexnet,50/50,resnet,bing,20/80,0.17301038,0.29285714285714287,0.06040268456375839
77,bing,True,PGD,alexnet,50/50,resnet,bing,30/70,0.18900344,0.30985915492957744,0.0738255033557047
78,bing,True,PGD,alexnet,50/50,resnet,bing,40/60,0.18430033,0.2191780821917808,0.14965986394557823
79,bing,True,PGD,alexnet,50/50,resnet,bing,50/50,0.16666666,0.14285714285714285,0.19047619047619047
80,bing,True,PGD,alexnet,50/50,vgg,bing,20/80,0.26041666,0.45714285714285713,0.07432432432432433
81,bing,True,PGD,alexnet,50/50,vgg,bing,30/70,0.25605538,0.43661971830985913,0.08163265306122448
82,bing,True,PGD,alexnet,50/50,vgg,bing,40/60,0.25342464,0.38620689655172413,0.12244897959183673
83,bing,True,PGD,alexnet,50/50,vgg,bing,50/50,0.21917808,0.3082191780821918,0.13013698630136986
84,bing,True,PGD,alexnet,50/50,alexnet,google,20/80,0.49333334,0.74,0.24666666666666667
85,bing,True,PGD,alexnet,50/50,alexnet,google,30/70,0.48000002,0.6733333333333333,0.2866666666666667
86,bing,True,PGD,alexnet,50/50,alexnet,google,40/60,0.46,0.5866666666666667,0.3333333333333333
87,bing,True,PGD,alexnet,50/50,alexnet,google,50/50,0.46666667,0.5,0.43333333333333335
88,bing,True,PGD,alexnet,50/50,resnet,google,20/80,0.22333334,0.3466666666666667,0.1
89,bing,True,PGD,alexnet,50/50,resnet,google,30/70,0.20333333,0.24666666666666667,0.16
90,bing,True,PGD,alexnet,50/50,resnet,google,40/60,0.21666667,0.20666666666666667,0.22666666666666666
91,bing,True,PGD,alexnet,50/50,resnet,google,50/50,0.21000001,0.14666666666666667,0.2733333333333333
92,bing,True,PGD,alexnet,50/50,vgg,google,20/80,0.29666668,0.5133333333333333,0.08
93,bing,True,PGD,alexnet,50/50,vgg,google,30/70,0.30666667,0.5,0.11333333333333333
94,bing,True,PGD,alexnet,50/50,vgg,google,40/60,0.28666666,0.38666666666666666,0.18666666666666668
95,bing,True,PGD,alexnet,50/50,vgg,google,50/50,0.23666668,0.26666666666666666,0.20666666666666667
96,bing,True,PGD,resnet,20/80,alexnet,bing,20/80,0.13523132,0.23703703703703705,0.0410958904109589
97,bing,True,PGD,resnet,20/80,alexnet,bing,30/70,0.119718306,0.21323529411764705,0.033783783783783786
98,bing,True,PGD,resnet,20/80,alexnet,bing,40/60,0.09507042,0.14388489208633093,0.04827586206896552
99,bing,True,PGD,resnet,20/80,alexnet,bing,50/50,0.090277776,0.06944444444444445,0.1111111111111111
100,bing,True,PGD,resnet,20/80,resnet,bing,20/80,0.21453288,0.37857142857142856,0.06040268456375839
101,bing,True,PGD,resnet,20/80,resnet,bing,30/70,0.209622,0.3732394366197183,0.053691275167785234
102,bing,True,PGD,resnet,20/80,resnet,bing,40/60,0.18430033,0.2191780821917808,0.14965986394557823
103,bing,True,PGD,resnet,20/80,resnet,bing,50/50,0.1802721,0.12244897959183673,0.23809523809523808
104,bing,True,PGD,resnet,20/80,vgg,bing,20/80,0.26041666,0.5071428571428571,0.02702702702702703
105,bing,True,PGD,resnet,20/80,vgg,bing,30/70,0.20415226,0.34507042253521125,0.06802721088435375
106,bing,True,PGD,resnet,20/80,vgg,bing,40/60,0.19520548,0.27586206896551724,0.11564625850340136
107,bing,True,PGD,resnet,20/80,vgg,bing,50/50,0.18150684,0.1917808219178082,0.17123287671232876
108,bing,True,PGD,resnet,20/80,alexnet,google,20/80,0.19,0.3466666666666667,0.03333333333333333
109,bing,True,PGD,resnet,20/80,alexnet,google,30/70,0.17,0.30666666666666664,0.03333333333333333
110,bing,True,PGD,resnet,20/80,alexnet,google,40/60,0.11666667,0.14666666666666667,0.08666666666666667
111,bing,True,PGD,resnet,20/80,alexnet,google,50/50,0.120000005,0.09333333333333334,0.14666666666666667
112,bing,True,PGD,resnet,20/80,resnet,google,20/80,0.2,0.32666666666666666,0.07333333333333333
113,bing,True,PGD,resnet,20/80,resnet,google,30/70,0.17333333,0.17333333333333334,0.17333333333333334
114,bing,True,PGD,resnet,20/80,resnet,google,40/60,0.18666667,0.11333333333333333,0.26
115,bing,True,PGD,resnet,20/80,resnet,google,50/50,0.21000001,0.06666666666666667,0.35333333333333333
116,bing,True,PGD,resnet,20/80,vgg,google,20/80,0.30333334,0.5933333333333334,0.013333333333333334
117,bing,True,PGD,resnet,20/80,vgg,google,30/70,0.29333335,0.56,0.02666666666666667
118,bing,True,PGD,resnet,20/80,vgg,google,40/60,0.22333334,0.3333333333333333,0.11333333333333333
119,bing,True,PGD,resnet,20/80,vgg,google,50/50,0.16333334,0.14,0.18666666666666668
120,bing,True,PGD,resnet,30/70,alexnet,bing,20/80,0.124555156,0.21481481481481482,0.0410958904109589
121,bing,True,PGD,resnet,30/70,alexnet,bing,30/70,0.12676056,0.22794117647058823,0.033783783783783786
122,bing,True,PGD,resnet,30/70,alexnet,bing,40/60,0.08802817,0.1366906474820144,0.041379310344827586
123,bing,True,PGD,resnet,30/70,alexnet,bing,50/50,0.083333336,0.0763888888888889,0.09027777777777778
124,bing,True,PGD,resnet,30/70,resnet,bing,20/80,0.21453288,0.37142857142857144,0.06711409395973154
125,bing,True,PGD,resnet,30/70,resnet,bing,30/70,0.2233677,0.39436619718309857,0.06040268456375839
126,bing,True,PGD,resnet,30/70,resnet,bing,40/60,0.20136519,0.2465753424657534,0.1564625850340136
127,bing,True,PGD,resnet,30/70,resnet,bing,50/50,0.18707483,0.1360544217687075,0.23809523809523808
128,bing,True,PGD,resnet,30/70,vgg,bing,20/80,0.2326389,0.4642857142857143,0.013513513513513514
129,bing,True,PGD,resnet,30/70,vgg,bing,30/70,0.19031143,0.323943661971831,0.061224489795918366
130,bing,True,PGD,resnet,30/70,vgg,bing,40/60,0.1849315,0.2620689655172414,0.10884353741496598
131,bing,True,PGD,resnet,30/70,vgg,bing,50/50,0.1849315,0.1917808219178082,0.1780821917808219
132,bing,True,PGD,resnet,30/70,alexnet,google,20/80,0.18333334,0.34,0.02666666666666667
133,bing,True,PGD,resnet,30/70,alexnet,google,30/70,0.17,0.30666666666666664,0.03333333333333333
134,bing,True,PGD,resnet,30/70,alexnet,google,40/60,0.120000005,0.15333333333333332,0.08666666666666667
135,bing,True,PGD,resnet,30/70,alexnet,google,50/50,0.11,0.09333333333333334,0.12666666666666668
136,bing,True,PGD,resnet,30/70,resnet,google,20/80,0.21666667,0.36,0.07333333333333333
137,bing,True,PGD,resnet,30/70,resnet,google,30/70,0.19333334,0.18666666666666668,0.2
138,bing,True,PGD,resnet,30/70,resnet,google,40/60,0.17666668,0.11333333333333333,0.24
139,bing,True,PGD,resnet,30/70,resnet,google,50/50,0.2,0.06,0.34
140,bing,True,PGD,resnet,30/70,vgg,google,20/80,0.31,0.6066666666666667,0.013333333333333334
141,bing,True,PGD,resnet,30/70,vgg,google,30/70,0.29000002,0.5333333333333333,0.04666666666666667
142,bing,True,PGD,resnet,30/70,vgg,google,40/60,0.21333334,0.31333333333333335,0.11333333333333333
143,bing,True,PGD,resnet,30/70,vgg,google,50/50,0.18333334,0.18666666666666668,0.18
144,bing,True,PGD,resnet,40/60,alexnet,bing,20/80,0.13523132,0.24444444444444444,0.03424657534246575
145,bing,True,PGD,resnet,40/60,alexnet,bing,30/70,0.13028169,0.23529411764705882,0.033783783783783786
146,bing,True,PGD,resnet,40/60,alexnet,bing,40/60,0.08802817,0.1223021582733813,0.05517241379310345
147,bing,True,PGD,resnet,40/60,alexnet,bing,50/50,0.08680556,0.0625,0.1111111111111111
148,bing,True,PGD,resnet,40/60,resnet,bing,20/80,0.21453288,0.36428571428571427,0.0738255033557047
149,bing,True,PGD,resnet,40/60,resnet,bing,30/70,0.24054983,0.4154929577464789,0.0738255033557047
150,bing,True,PGD,resnet,40/60,resnet,bing,40/60,0.2320819,0.273972602739726,0.19047619047619047
151,bing,True,PGD,resnet,40/60,resnet,bing,50/50,0.2244898,0.19047619047619047,0.2585034013605442
152,bing,True,PGD,resnet,40/60,vgg,bing,20/80,0.24305555,0.4714285714285714,0.02702702702702703
153,bing,True,PGD,resnet,40/60,vgg,bing,30/70,0.22491351,0.3732394366197183,0.08163265306122448
154,bing,True,PGD,resnet,40/60,vgg,bing,40/60,0.21575342,0.3103448275862069,0.12244897959183673
155,bing,True,PGD,resnet,40/60,vgg,bing,50/50,0.1849315,0.21232876712328766,0.15753424657534246
156,bing,True,PGD,resnet,40/60,alexnet,google,20/80,0.18333334,0.34,0.02666666666666667
157,bing,True,PGD,resnet,40/60,alexnet,google,30/70,0.17,0.30666666666666664,0.03333333333333333
158,bing,True,PGD,resnet,40/60,alexnet,google,40/60,0.11666667,0.15333333333333332,0.08
159,bing,True,PGD,resnet,40/60,alexnet,google,50/50,0.12666667,0.09333333333333334,0.16
160,bing,True,PGD,resnet,40/60,resnet,google,20/80,0.22333334,0.37333333333333335,0.07333333333333333
161,bing,True,PGD,resnet,40/60,resnet,google,30/70,0.2,0.2,0.2
162,bing,True,PGD,resnet,40/60,resnet,google,40/60,0.23,0.19333333333333333,0.26666666666666666
163,bing,True,PGD,resnet,40/60,resnet,google,50/50,0.22,0.08666666666666667,0.35333333333333333
164,bing,True,PGD,resnet,40/60,vgg,google,20/80,0.30666667,0.5866666666666667,0.02666666666666667
165,bing,True,PGD,resnet,40/60,vgg,google,30/70,0.28666666,0.52,0.05333333333333334
166,bing,True,PGD,resnet,40/60,vgg,google,40/60,0.24000001,0.34,0.14
167,bing,True,PGD,resnet,40/60,vgg,google,50/50,0.20666668,0.22,0.19333333333333333
168,bing,True,PGD,resnet,50/50,alexnet,bing,20/80,0.15658362,0.2814814814814815,0.0410958904109589
169,bing,True,PGD,resnet,50/50,alexnet,bing,30/70,0.13380282,0.23529411764705882,0.04054054054054054
170,bing,True,PGD,resnet,50/50,alexnet,bing,40/60,0.1056338,0.16546762589928057,0.04827586206896552
171,bing,True,PGD,resnet,50/50,alexnet,bing,50/50,0.090277776,0.0763888888888889,0.10416666666666667
172,bing,True,PGD,resnet,50/50,resnet,bing,20/80,0.2283737,0.38571428571428573,0.08053691275167785
173,bing,True,PGD,resnet,50/50,resnet,bing,30/70,0.21305843,0.38028169014084506,0.053691275167785234
174,bing,True,PGD,resnet,50/50,resnet,bing,40/60,0.20477815,0.2534246575342466,0.1564625850340136
175,bing,True,PGD,resnet,50/50,resnet,bing,50/50,0.23469387,0.19727891156462585,0.272108843537415
176,bing,True,PGD,resnet,50/50,vgg,bing,20/80,0.26041666,0.5071428571428571,0.02702702702702703
177,bing,True,PGD,resnet,50/50,vgg,bing,30/70,0.19723184,0.3380281690140845,0.061224489795918366
178,bing,True,PGD,resnet,50/50,vgg,bing,40/60,0.19863014,0.2827586206896552,0.11564625850340136
179,bing,True,PGD,resnet,50/50,vgg,bing,50/50,0.17123288,0.18493150684931506,0.15753424657534246
180,bing,True,PGD,resnet,50/50,alexnet,google,20/80,0.2,0.37333333333333335,0.02666666666666667
181,bing,True,PGD,resnet,50/50,alexnet,google,30/70,0.17666668,0.32,0.03333333333333333
182,bing,True,PGD,resnet,50/50,alexnet,google,40/60,0.12666667,0.16666666666666666,0.08666666666666667
183,bing,True,PGD,resnet,50/50,alexnet,google,50/50,0.12666667,0.09333333333333334,0.16
184,bing,True,PGD,resnet,50/50,resnet,google,20/80,0.22,0.38,0.06
185,bing,True,PGD,resnet,50/50,resnet,google,30/70,0.21666667,0.22,0.21333333333333335
186,bing,True,PGD,resnet,50/50,resnet,google,40/60,0.23333333,0.2,0.26666666666666666
187,bing,True,PGD,resnet,50/50,resnet,google,50/50,0.22333334,0.09333333333333334,0.35333333333333333
188,bing,True,PGD,resnet,50/50,vgg,google,20/80,0.31333333,0.6,0.02666666666666667
189,bing,True,PGD,resnet,50/50,vgg,google,30/70,0.29000002,0.5333333333333333,0.04666666666666667
190,bing,True,PGD,resnet,50/50,vgg,google,40/60,0.25333333,0.38666666666666666,0.12
191,bing,True,PGD,resnet,50/50,vgg,google,50/50,0.20666668,0.19333333333333333,0.22
192,bing,True,PGD,vgg,20/80,alexnet,bing,20/80,0.12099644,0.21481481481481482,0.03424657534246575
193,bing,True,PGD,vgg,20/80,alexnet,bing,30/70,0.123239435,0.22794117647058823,0.02702702702702703
194,bing,True,PGD,vgg,20/80,alexnet,bing,40/60,0.08802817,0.1223021582733813,0.05517241379310345
195,bing,True,PGD,vgg,20/80,alexnet,bing,50/50,0.06944445,0.05555555555555555,0.08333333333333333
196,bing,True,PGD,vgg,20/80,resnet,bing,20/80,0.09342561,0.16428571428571428,0.026845637583892617
197,bing,True,PGD,vgg,20/80,resnet,bing,30/70,0.10309278,0.19014084507042253,0.020134228187919462
198,bing,True,PGD,vgg,20/80,resnet,bing,40/60,0.07167235,0.0958904109589041,0.047619047619047616
199,bing,True,PGD,vgg,20/80,resnet,bing,50/50,0.07142857,0.047619047619047616,0.09523809523809523
200,bing,True,PGD,vgg,20/80,vgg,bing,20/80,0.35416666,0.6,0.12162162162162163
201,bing,True,PGD,vgg,20/80,vgg,bing,30/70,0.31141868,0.4788732394366197,0.14965986394557823
202,bing,True,PGD,vgg,20/80,vgg,bing,40/60,0.30821916,0.4413793103448276,0.17687074829931973
203,bing,True,PGD,vgg,20/80,vgg,bing,50/50,0.28767124,0.3356164383561644,0.23972602739726026
204,bing,True,PGD,vgg,20/80,alexnet,google,20/80,0.18666667,0.3466666666666667,0.02666666666666667
205,bing,True,PGD,vgg,20/80,alexnet,google,30/70,0.15666667,0.2866666666666667,0.02666666666666667
206,bing,True,PGD,vgg,20/80,alexnet,google,40/60,0.11666667,0.13333333333333333,0.1
207,bing,True,PGD,vgg,20/80,alexnet,google,50/50,0.13000001,0.1,0.16
208,bing,True,PGD,vgg,20/80,resnet,google,20/80,0.13666667,0.25333333333333335,0.02
209,bing,True,PGD,vgg,20/80,resnet,google,30/70,0.11,0.12,0.1
210,bing,True,PGD,vgg,20/80,resnet,google,40/60,0.086666666,0.05333333333333334,0.12
211,bing,True,PGD,vgg,20/80,resnet,google,50/50,0.11,0.02666666666666667,0.19333333333333333
212,bing,True,PGD,vgg,20/80,vgg,google,20/80,0.34,0.6266666666666667,0.05333333333333334
213,bing,True,PGD,vgg,20/80,vgg,google,30/70,0.34666666,0.5933333333333334,0.1
214,bing,True,PGD,vgg,20/80,vgg,google,40/60,0.32666668,0.4666666666666667,0.18666666666666668
215,bing,True,PGD,vgg,20/80,vgg,google,50/50,0.29333335,0.30666666666666664,0.28
216,bing,True,PGD,vgg,30/70,alexnet,bing,20/80,0.13523132,0.24444444444444444,0.03424657534246575
217,bing,True,PGD,vgg,30/70,alexnet,bing,30/70,0.123239435,0.22058823529411764,0.033783783783783786
218,bing,True,PGD,vgg,30/70,alexnet,bing,40/60,0.09859155,0.14388489208633093,0.05517241379310345
219,bing,True,PGD,vgg,30/70,alexnet,bing,50/50,0.0625,0.05555555555555555,0.06944444444444445
220,bing,True,PGD,vgg,30/70,resnet,bing,20/80,0.12456748,0.22857142857142856,0.026845637583892617
221,bing,True,PGD,vgg,30/70,resnet,bing,30/70,0.12027492,0.2112676056338028,0.03355704697986577
222,bing,True,PGD,vgg,30/70,resnet,bing,40/60,0.08191126,0.1232876712328767,0.04081632653061224
223,bing,True,PGD,vgg,30/70,resnet,bing,50/50,0.07823129,0.047619047619047616,0.10884353741496598
224,bing,True,PGD,vgg,30/70,vgg,bing,20/80,0.34722224,0.6214285714285714,0.08783783783783784
225,bing,True,PGD,vgg,30/70,vgg,bing,30/70,0.3148789,0.4859154929577465,0.14965986394557823
226,bing,True,PGD,vgg,30/70,vgg,bing,40/60,0.3219178,0.496551724137931,0.14965986394557823
227,bing,True,PGD,vgg,30/70,vgg,bing,50/50,0.30479452,0.3561643835616438,0.2534246575342466
228,bing,True,PGD,vgg,30/70,alexnet,google,20/80,0.18666667,0.3466666666666667,0.02666666666666667
229,bing,True,PGD,vgg,30/70,alexnet,google,30/70,0.14666668,0.26666666666666666,0.02666666666666667
230,bing,True,PGD,vgg,30/70,alexnet,google,40/60,0.11333334,0.12,0.10666666666666667
231,bing,True,PGD,vgg,30/70,alexnet,google,50/50,0.123333335,0.08666666666666667,0.16
232,bing,True,PGD,vgg,30/70,resnet,google,20/80,0.14333333,0.26666666666666666,0.02
233,bing,True,PGD,vgg,30/70,resnet,google,30/70,0.10333334,0.12,0.08666666666666667
234,bing,True,PGD,vgg,30/70,resnet,google,40/60,0.08,0.06666666666666667,0.09333333333333334
235,bing,True,PGD,vgg,30/70,resnet,google,50/50,0.11333334,0.03333333333333333,0.19333333333333333
236,bing,True,PGD,vgg,30/70,vgg,google,20/80,0.36333334,0.6733333333333333,0.05333333333333334
237,bing,True,PGD,vgg,30/70,vgg,google,30/70,0.37333333,0.6666666666666666,0.08
238,bing,True,PGD,vgg,30/70,vgg,google,40/60,0.34333333,0.49333333333333335,0.19333333333333333
239,bing,True,PGD,vgg,30/70,vgg,google,50/50,0.30666667,0.36,0.25333333333333335
240,bing,True,PGD,vgg,40/60,alexnet,bing,20/80,0.14234875,0.25925925925925924,0.03424657534246575
241,bing,True,PGD,vgg,40/60,alexnet,bing,30/70,0.12676056,0.22794117647058823,0.033783783783783786
242,bing,True,PGD,vgg,40/60,alexnet,bing,40/60,0.09154929,0.1366906474820144,0.04827586206896552
243,bing,True,PGD,vgg,40/60,alexnet,bing,50/50,0.07986111,0.06944444444444445,0.09027777777777778
244,bing,True,PGD,vgg,40/60,resnet,bing,20/80,0.10034602,0.18571428571428572,0.020134228187919462
245,bing,True,PGD,vgg,40/60,resnet,bing,30/70,0.11340206,0.21830985915492956,0.013422818791946308
246,bing,True,PGD,vgg,40/60,resnet,bing,40/60,0.08532423,0.1232876712328767,0.047619047619047616
247,bing,True,PGD,vgg,40/60,resnet,bing,50/50,0.08163265,0.06802721088435375,0.09523809523809523
248,bing,True,PGD,vgg,40/60,vgg,bing,20/80,0.36805555,0.6642857142857143,0.08783783783783784
249,bing,True,PGD,vgg,40/60,vgg,bing,30/70,0.35640138,0.5774647887323944,0.14285714285714285
250,bing,True,PGD,vgg,40/60,vgg,bing,40/60,0.3561644,0.5517241379310345,0.16326530612244897
251,bing,True,PGD,vgg,40/60,vgg,bing,50/50,0.33219177,0.4315068493150685,0.2328767123287671
252,bing,True,PGD,vgg,40/60,alexnet,google,20/80,0.18666667,0.3466666666666667,0.02666666666666667
253,bing,True,PGD,vgg,40/60,alexnet,google,30/70,0.16,0.29333333333333333,0.02666666666666667
254,bing,True,PGD,vgg,40/60,alexnet,google,40/60,0.11,0.12,0.1
255,bing,True,PGD,vgg,40/60,alexnet,google,50/50,0.12666667,0.09333333333333334,0.16
256,bing,True,PGD,vgg,40/60,resnet,google,20/80,0.13666667,0.25333333333333335,0.02
257,bing,True,PGD,vgg,40/60,resnet,google,30/70,0.123333335,0.14666666666666667,0.1
258,bing,True,PGD,vgg,40/60,resnet,google,40/60,0.086666666,0.07333333333333333,0.1
259,bing,True,PGD,vgg,40/60,resnet,google,50/50,0.11666667,0.04,0.19333333333333333
260,bing,True,PGD,vgg,40/60,vgg,google,20/80,0.38,0.7133333333333334,0.04666666666666667
261,bing,True,PGD,vgg,40/60,vgg,google,30/70,0.4,0.6866666666666666,0.11333333333333333
262,bing,True,PGD,vgg,40/60,vgg,google,40/60,0.37333333,0.5533333333333333,0.19333333333333333
263,bing,True,PGD,vgg,40/60,vgg,google,50/50,0.34333333,0.41333333333333333,0.2733333333333333
264,bing,True,PGD,vgg,50/50,alexnet,bing,20/80,0.13879004,0.2518518518518518,0.03424657534246575
265,bing,True,PGD,vgg,50/50,alexnet,bing,30/70,0.123239435,0.22058823529411764,0.033783783783783786
266,bing,True,PGD,vgg,50/50,alexnet,bing,40/60,0.09507042,0.1366906474820144,0.05517241379310345
267,bing,True,PGD,vgg,50/50,alexnet,bing,50/50,0.07986111,0.0625,0.09722222222222222
268,bing,True,PGD,vgg,50/50,resnet,bing,20/80,0.10034602,0.18571428571428572,0.020134228187919462
269,bing,True,PGD,vgg,50/50,resnet,bing,30/70,0.10652921,0.19718309859154928,0.020134228187919462
270,bing,True,PGD,vgg,50/50,resnet,bing,40/60,0.07167235,0.11643835616438356,0.027210884353741496
271,bing,True,PGD,vgg,50/50,resnet,bing,50/50,0.07823129,0.05442176870748299,0.10204081632653061
272,bing,True,PGD,vgg,50/50,vgg,bing,20/80,0.33333334,0.6071428571428571,0.07432432432432433
273,bing,True,PGD,vgg,50/50,vgg,bing,30/70,0.32871974,0.5140845070422535,0.14965986394557823
274,bing,True,PGD,vgg,50/50,vgg,bing,40/60,0.32876712,0.503448275862069,0.1564625850340136
275,bing,True,PGD,vgg,50/50,vgg,bing,50/50,0.31849316,0.410958904109589,0.22602739726027396
276,bing,True,PGD,vgg,50/50,alexnet,google,20/80,0.19333334,0.36,0.02666666666666667
277,bing,True,PGD,vgg,50/50,alexnet,google,30/70,0.16333334,0.3,0.02666666666666667
278,bing,True,PGD,vgg,50/50,alexnet,google,40/60,0.123333335,0.13333333333333333,0.11333333333333333
279,bing,True,PGD,vgg,50/50,alexnet,google,50/50,0.123333335,0.08,0.16666666666666666
280,bing,True,PGD,vgg,50/50,resnet,google,20/80,0.13000001,0.24666666666666667,0.013333333333333334
281,bing,True,PGD,vgg,50/50,resnet,google,30/70,0.11666667,0.14,0.09333333333333334
282,bing,True,PGD,vgg,50/50,resnet,google,40/60,0.093333334,0.07333333333333333,0.11333333333333333
283,bing,True,PGD,vgg,50/50,resnet,google,50/50,0.123333335,0.04,0.20666666666666667
284,bing,True,PGD,vgg,50/50,vgg,google,20/80,0.38333336,0.7,0.06666666666666667
285,bing,True,PGD,vgg,50/50,vgg,google,30/70,0.39000002,0.6866666666666666,0.09333333333333334
286,bing,True,PGD,vgg,50/50,vgg,google,40/60,0.37333333,0.5533333333333333,0.19333333333333333
287,bing,True,PGD,vgg,50/50,vgg,google,50/50,0.34333333,0.41333333333333333,0.2733333333333333
288,google,True,PGD,alexnet,20/80,alexnet,bing,20/80,0.46666667,0.5666666666666667,0.36666666666666664
289,google,True,PGD,alexnet,20/80,alexnet,bing,30/70,0.47333336,0.5866666666666667,0.36
290,google,True,PGD,alexnet,20/80,alexnet,bing,40/60,0.49,0.54,0.44
291,google,True,PGD,alexnet,20/80,alexnet,bing,50/50,0.5,0.52,0.48
292,google,True,PGD,alexnet,20/80,resnet,bing,20/80,0.19333334,0.26666666666666666,0.12
293,google,True,PGD,alexnet,20/80,resnet,bing,30/70,0.2,0.3,0.1
294,google,True,PGD,alexnet,20/80,resnet,bing,40/60,0.17,0.17333333333333334,0.16666666666666666
295,google,True,PGD,alexnet,20/80,resnet,bing,50/50,0.18333334,0.15333333333333332,0.21333333333333335
296,google,True,PGD,alexnet,20/80,vgg,bing,20/80,0.27,0.36666666666666664,0.17333333333333334
297,google,True,PGD,alexnet,20/80,vgg,bing,30/70,0.27,0.36,0.18
298,google,True,PGD,alexnet,20/80,vgg,bing,40/60,0.26000002,0.29333333333333333,0.22666666666666666
299,google,True,PGD,alexnet,20/80,vgg,bing,50/50,0.26000002,0.2733333333333333,0.24666666666666667
300,google,True,PGD,alexnet,20/80,alexnet,google,20/80,0.5321429,0.6714285714285714,0.39285714285714285
301,google,True,PGD,alexnet,20/80,alexnet,google,30/70,0.48561153,0.6474820143884892,0.3237410071942446
302,google,True,PGD,alexnet,20/80,alexnet,google,40/60,0.4384058,0.5,0.37681159420289856
303,google,True,PGD,alexnet,20/80,alexnet,google,50/50,0.41111112,0.4148148148148148,0.4074074074074074
304,google,True,PGD,alexnet,20/80,resnet,google,20/80,0.22916667,0.3194444444444444,0.1388888888888889
305,google,True,PGD,alexnet,20/80,resnet,google,30/70,0.22108842,0.23809523809523808,0.20408163265306123
306,google,True,PGD,alexnet,20/80,resnet,google,40/60,0.23469387,0.19727891156462585,0.272108843537415
307,google,True,PGD,alexnet,20/80,resnet,google,50/50,0.22945206,0.136986301369863,0.3219178082191781
308,google,True,PGD,alexnet,20/80,vgg,google,20/80,0.28767124,0.4041095890410959,0.17123287671232876
309,google,True,PGD,alexnet,20/80,vgg,google,30/70,0.29452056,0.3835616438356164,0.2054794520547945
310,google,True,PGD,alexnet,20/80,vgg,google,40/60,0.29391894,0.3108108108108108,0.27702702702702703
311,google,True,PGD,alexnet,20/80,vgg,google,50/50,0.27702704,0.24324324324324326,0.3108108108108108
312,google,True,PGD,alexnet,30/70,alexnet,bing,20/80,0.46,0.52,0.4
313,google,True,PGD,alexnet,30/70,alexnet,bing,30/70,0.47,0.56,0.38
314,google,True,PGD,alexnet,30/70,alexnet,bing,40/60,0.4766667,0.5333333333333333,0.42
315,google,True,PGD,alexnet,30/70,alexnet,bing,50/50,0.48000002,0.4666666666666667,0.49333333333333335
316,google,True,PGD,alexnet,30/70,resnet,bing,20/80,0.21000001,0.30666666666666664,0.11333333333333333
317,google,True,PGD,alexnet,30/70,resnet,bing,30/70,0.22666667,0.3466666666666667,0.10666666666666667
318,google,True,PGD,alexnet,30/70,resnet,bing,40/60,0.17666668,0.18666666666666668,0.16666666666666666
319,google,True,PGD,alexnet,30/70,resnet,bing,50/50,0.17333333,0.12,0.22666666666666666
320,google,True,PGD,alexnet,30/70,vgg,bing,20/80,0.25666666,0.4,0.11333333333333333
321,google,True,PGD,alexnet,30/70,vgg,bing,30/70,0.26000002,0.36,0.16
322,google,True,PGD,alexnet,30/70,vgg,bing,40/60,0.28333333,0.34,0.22666666666666666
323,google,True,PGD,alexnet,30/70,vgg,bing,50/50,0.28333333,0.29333333333333333,0.2733333333333333
324,google,True,PGD,alexnet,30/70,alexnet,google,20/80,0.49642858,0.6428571428571429,0.35
325,google,True,PGD,alexnet,30/70,alexnet,google,30/70,0.5143885,0.6258992805755396,0.4028776978417266
326,google,True,PGD,alexnet,30/70,alexnet,google,40/60,0.45652175,0.4855072463768116,0.427536231884058
327,google,True,PGD,alexnet,30/70,alexnet,google,50/50,0.4259259,0.3925925925925926,0.45925925925925926
328,google,True,PGD,alexnet,30/70,resnet,google,20/80,0.22916667,0.3333333333333333,0.125
329,google,True,PGD,alexnet,30/70,resnet,google,30/70,0.23129252,0.2108843537414966,0.25170068027210885
330,google,True,PGD,alexnet,30/70,resnet,google,40/60,0.22108842,0.1360544217687075,0.30612244897959184
331,google,True,PGD,alexnet,30/70,resnet,google,50/50,0.23287672,0.0958904109589041,0.3698630136986301
332,google,True,PGD,alexnet,30/70,vgg,google,20/80,0.29452056,0.4589041095890411,0.13013698630136986
333,google,True,PGD,alexnet,30/70,vgg,google,30/70,0.2979452,0.4315068493150685,0.1643835616438356
334,google,True,PGD,alexnet,30/70,vgg,google,40/60,0.3006757,0.32432432432432434,0.27702702702702703
335,google,True,PGD,alexnet,30/70,vgg,google,50/50,0.3108108,0.28378378378378377,0.33783783783783783
336,google,True,PGD,alexnet,40/60,alexnet,bing,20/80,0.40666667,0.49333333333333335,0.32
337,google,True,PGD,alexnet,40/60,alexnet,bing,30/70,0.41,0.5133333333333333,0.30666666666666664
338,google,True,PGD,alexnet,40/60,alexnet,bing,40/60,0.45000002,0.5,0.4
339,google,True,PGD,alexnet,40/60,alexnet,bing,50/50,0.45000002,0.44,0.46
340,google,True,PGD,alexnet,40/60,resnet,bing,20/80,0.17,0.24666666666666667,0.09333333333333334
341,google,True,PGD,alexnet,40/60,resnet,bing,30/70,0.16,0.26,0.06
342,google,True,PGD,alexnet,40/60,resnet,bing,40/60,0.15666667,0.16,0.15333333333333332
343,google,True,PGD,alexnet,40/60,resnet,bing,50/50,0.16,0.12,0.2
344,google,True,PGD,alexnet,40/60,vgg,bing,20/80,0.26000002,0.42,0.1
345,google,True,PGD,alexnet,40/60,vgg,bing,30/70,0.24333334,0.35333333333333333,0.13333333333333333
346,google,True,PGD,alexnet,40/60,vgg,bing,40/60,0.23333333,0.29333333333333333,0.17333333333333334
347,google,True,PGD,alexnet,40/60,vgg,bing,50/50,0.25333333,0.26666666666666666,0.24
348,google,True,PGD,alexnet,40/60,alexnet,google,20/80,0.42142856,0.5857142857142857,0.2571428571428571
349,google,True,PGD,alexnet,40/60,alexnet,google,30/70,0.40647483,0.5179856115107914,0.2949640287769784
350,google,True,PGD,alexnet,40/60,alexnet,google,40/60,0.42028987,0.42028985507246375,0.42028985507246375
351,google,True,PGD,alexnet,40/60,alexnet,google,50/50,0.37777779,0.34814814814814815,0.4074074074074074
352,google,True,PGD,alexnet,40/60,resnet,google,20/80,0.1701389,0.2708333333333333,0.06944444444444445
353,google,True,PGD,alexnet,40/60,resnet,google,30/70,0.17346938,0.17006802721088435,0.17687074829931973
354,google,True,PGD,alexnet,40/60,resnet,google,40/60,0.18367347,0.1292517006802721,0.23809523809523808
355,google,True,PGD,alexnet,40/60,resnet,google,50/50,0.21232876,0.1095890410958904,0.3150684931506849
356,google,True,PGD,alexnet,40/60,vgg,google,20/80,0.27739725,0.4589041095890411,0.0958904109589041
357,google,True,PGD,alexnet,40/60,vgg,google,30/70,0.27739725,0.410958904109589,0.14383561643835616
358,google,True,PGD,alexnet,40/60,vgg,google,40/60,0.2533784,0.2972972972972973,0.20945945945945946
359,google,True,PGD,alexnet,40/60,vgg,google,50/50,0.26013514,0.25,0.2702702702702703
360,google,True,PGD,alexnet,50/50,alexnet,bing,20/80,0.42000002,0.49333333333333335,0.3466666666666667
361,google,True,PGD,alexnet,50/50,alexnet,bing,30/70,0.44,0.5533333333333333,0.32666666666666666
362,google,True,PGD,alexnet,50/50,alexnet,bing,40/60,0.46666667,0.54,0.3933333333333333
363,google,True,PGD,alexnet,50/50,alexnet,bing,50/50,0.45333335,0.4533333333333333,0.4533333333333333
364,google,True,PGD,alexnet,50/50,resnet,bing,20/80,0.15666667,0.24,0.07333333333333333
365,google,True,PGD,alexnet,50/50,resnet,bing,30/70,0.16666667,0.2733333333333333,0.06
366,google,True,PGD,alexnet,50/50,resnet,bing,40/60,0.14666668,0.14666666666666667,0.14666666666666667
367,google,True,PGD,alexnet,50/50,resnet,bing,50/50,0.16333334,0.11333333333333333,0.21333333333333335
368,google,True,PGD,alexnet,50/50,vgg,bing,20/80,0.26333335,0.42,0.10666666666666667
369,google,True,PGD,alexnet,50/50,vgg,bing,30/70,0.24666667,0.37333333333333335,0.12
370,google,True,PGD,alexnet,50/50,vgg,bing,40/60,0.26333335,0.36,0.16666666666666666
371,google,True,PGD,alexnet,50/50,vgg,bing,50/50,0.24333334,0.28,0.20666666666666667
372,google,True,PGD,alexnet,50/50,alexnet,google,20/80,0.42857143,0.5785714285714286,0.2785714285714286
373,google,True,PGD,alexnet,50/50,alexnet,google,30/70,0.42446044,0.5683453237410072,0.2805755395683453
374,google,True,PGD,alexnet,50/50,alexnet,google,40/60,0.4094203,0.47101449275362317,0.34782608695652173
375,google,True,PGD,alexnet,50/50,alexnet,google,50/50,0.4037037,0.37037037037037035,0.43703703703703706
376,google,True,PGD,alexnet,50/50,resnet,google,20/80,0.1701389,0.2777777777777778,0.0625
377,google,True,PGD,alexnet,50/50,resnet,google,30/70,0.16666666,0.17687074829931973,0.1564625850340136
378,google,True,PGD,alexnet,50/50,resnet,google,40/60,0.17006803,0.1292517006802721,0.2108843537414966
379,google,True,PGD,alexnet,50/50,resnet,google,50/50,0.18835616,0.0821917808219178,0.2945205479452055
380,google,True,PGD,alexnet,50/50,vgg,google,20/80,0.26712328,0.4589041095890411,0.07534246575342465
381,google,True,PGD,alexnet,50/50,vgg,google,30/70,0.26712328,0.4178082191780822,0.11643835616438356
382,google,True,PGD,alexnet,50/50,vgg,google,40/60,0.2702703,0.33783783783783783,0.20270270270270271
383,google,True,PGD,alexnet,50/50,vgg,google,50/50,0.2364865,0.24324324324324326,0.22972972972972974
384,google,True,PGD,resnet,20/80,alexnet,bing,20/80,0.10333334,0.16666666666666666,0.04
385,google,True,PGD,resnet,20/80,alexnet,bing,30/70,0.10666667,0.14,0.07333333333333333
386,google,True,PGD,resnet,20/80,alexnet,bing,40/60,0.09666667,0.1,0.09333333333333334
387,google,True,PGD,resnet,20/80,alexnet,bing,50/50,0.083333336,0.05333333333333334,0.11333333333333333
388,google,True,PGD,resnet,20/80,resnet,bing,20/80,0.16333334,0.21333333333333335,0.11333333333333333
389,google,True,PGD,resnet,20/80,resnet,bing,30/70,0.15333334,0.22666666666666666,0.08
390,google,True,PGD,resnet,20/80,resnet,bing,40/60,0.13666667,0.13333333333333333,0.14
391,google,True,PGD,resnet,20/80,resnet,bing,50/50,0.14,0.08666666666666667,0.19333333333333333
392,google,True,PGD,resnet,20/80,vgg,bing,20/80,0.123333335,0.17333333333333334,0.07333333333333333
393,google,True,PGD,resnet,20/80,vgg,bing,30/70,0.10333334,0.13333333333333333,0.07333333333333333
394,google,True,PGD,resnet,20/80,vgg,bing,40/60,0.10333334,0.09333333333333334,0.11333333333333333
395,google,True,PGD,resnet,20/80,vgg,bing,50/50,0.10666667,0.08,0.13333333333333333
396,google,True,PGD,resnet,20/80,alexnet,google,20/80,0.07857143,0.1357142857142857,0.02142857142857143
397,google,True,PGD,resnet,20/80,alexnet,google,30/70,0.053956836,0.08633093525179857,0.02158273381294964
398,google,True,PGD,resnet,20/80,alexnet,google,40/60,0.05072464,0.036231884057971016,0.06521739130434782
399,google,True,PGD,resnet,20/80,alexnet,google,50/50,0.055555556,0.014814814814814815,0.0962962962962963
400,google,True,PGD,resnet,20/80,resnet,google,20/80,0.21527778,0.2777777777777778,0.1527777777777778
401,google,True,PGD,resnet,20/80,resnet,google,30/70,0.20408162,0.20408163265306123,0.20408163265306123
402,google,True,PGD,resnet,20/80,resnet,google,40/60,0.17346938,0.10884353741496598,0.23809523809523808
403,google,True,PGD,resnet,20/80,resnet,google,50/50,0.19520548,0.08904109589041095,0.3013698630136986
404,google,True,PGD,resnet,20/80,vgg,google,20/80,0.15410958,0.2465753424657534,0.06164383561643835
405,google,True,PGD,resnet,20/80,vgg,google,30/70,0.15068492,0.2054794520547945,0.0958904109589041
406,google,True,PGD,resnet,20/80,vgg,google,40/60,0.12837838,0.11486486486486487,0.14189189189189189
407,google,True,PGD,resnet,20/80,vgg,google,50/50,0.12837838,0.08783783783783784,0.16891891891891891
408,google,True,PGD,resnet,30/70,alexnet,bing,20/80,0.14,0.21333333333333335,0.06666666666666667
409,google,True,PGD,resnet,30/70,alexnet,bing,30/70,0.13000001,0.19333333333333333,0.06666666666666667
410,google,True,PGD,resnet,30/70,alexnet,bing,40/60,0.123333335,0.14,0.10666666666666667
411,google,True,PGD,resnet,30/70,alexnet,bing,50/50,0.10666667,0.08,0.13333333333333333
412,google,True,PGD,resnet,30/70,resnet,bing,20/80,0.2,0.3,0.1
413,google,True,PGD,resnet,30/70,resnet,bing,30/70,0.17333333,0.2866666666666667,0.06
414,google,True,PGD,resnet,30/70,resnet,bing,40/60,0.16666667,0.18666666666666668,0.14666666666666667
415,google,True,PGD,resnet,30/70,resnet,bing,50/50,0.15666667,0.12,0.19333333333333333
416,google,True,PGD,resnet,30/70,vgg,bing,20/80,0.16,0.25333333333333335,0.06666666666666667
417,google,True,PGD,resnet,30/70,vgg,bing,30/70,0.13000001,0.17333333333333334,0.08666666666666667
418,google,True,PGD,resnet,30/70,vgg,bing,40/60,0.13000001,0.14,0.12
419,google,True,PGD,resnet,30/70,vgg,bing,50/50,0.15333334,0.11333333333333333,0.19333333333333333
420,google,True,PGD,resnet,30/70,alexnet,google,20/80,0.1,0.17142857142857143,0.02857142857142857
421,google,True,PGD,resnet,30/70,alexnet,google,30/70,0.09352518,0.16546762589928057,0.02158273381294964
422,google,True,PGD,resnet,30/70,alexnet,google,40/60,0.07608696,0.07246376811594203,0.07971014492753623
423,google,True,PGD,resnet,30/70,alexnet,google,50/50,0.08148148,0.044444444444444446,0.11851851851851852
424,google,True,PGD,resnet,30/70,resnet,google,20/80,0.1875,0.2847222222222222,0.09027777777777778
