,source_dataset,isMath,attack,source_model,source_balancing,target_model,target_dataset,target_balancing,asr,asr_0,asr_1
0,bing,True,TIFGSM,alexnet,20/80,alexnet,bing,20/80,0.5173611,0.463768115942029,0.5666666666666667
1,bing,True,TIFGSM,alexnet,20/80,alexnet,bing,30/70,0.43493152,0.3732394366197183,0.49333333333333335
2,bing,True,TIFGSM,alexnet,20/80,alexnet,bing,40/60,0.48639455,0.27586206896551724,0.6912751677852349
3,bing,True,TIFGSM,alexnet,20/80,alexnet,bing,50/50,0.5118644,0.23972602739726026,0.7785234899328859
4,bing,True,TIFGSM,alexnet,20/80,resnet,bing,20/80,0.08532423,0.16783216783216784,0.006666666666666667
5,bing,True,TIFGSM,alexnet,20/80,resnet,bing,30/70,0.06462585,0.13194444444444445,0.0
6,bing,True,TIFGSM,alexnet,20/80,resnet,bing,40/60,0.030508474,0.027586206896551724,0.03333333333333333
7,bing,True,TIFGSM,alexnet,20/80,resnet,bing,50/50,0.030405406,0.02054794520547945,0.04
8,bing,True,TIFGSM,alexnet,20/80,vgg,bing,20/80,0.037288137,0.06206896551724138,0.013333333333333334
9,bing,True,TIFGSM,alexnet,20/80,vgg,bing,30/70,0.05782313,0.10416666666666667,0.013333333333333334
10,bing,True,TIFGSM,alexnet,20/80,vgg,bing,40/60,0.030508474,0.013793103448275862,0.04666666666666667
11,bing,True,TIFGSM,alexnet,20/80,vgg,bing,50/50,0.037288137,0.0,0.07333333333333333
12,bing,True,TIFGSM,alexnet,20/80,alexnet,google,20/80,0.40333334,0.4066666666666667,0.4
13,bing,True,TIFGSM,alexnet,20/80,alexnet,google,30/70,0.43,0.4,0.46
14,bing,True,TIFGSM,alexnet,20/80,alexnet,google,40/60,0.45000002,0.31333333333333335,0.5866666666666667
15,bing,True,TIFGSM,alexnet,20/80,alexnet,google,50/50,0.45666668,0.26666666666666666,0.6466666666666666
16,bing,True,TIFGSM,alexnet,20/80,resnet,google,20/80,0.086666666,0.16,0.013333333333333334
17,bing,True,TIFGSM,alexnet,20/80,resnet,google,30/70,0.05,0.08,0.02
18,bing,True,TIFGSM,alexnet,20/80,resnet,google,40/60,0.053333335,0.06,0.04666666666666667
19,bing,True,TIFGSM,alexnet,20/80,resnet,google,50/50,0.043333333,0.04,0.04666666666666667
20,bing,True,TIFGSM,alexnet,20/80,vgg,google,20/80,0.07,0.12666666666666668,0.013333333333333334
21,bing,True,TIFGSM,alexnet,20/80,vgg,google,30/70,0.046666667,0.05333333333333334,0.04
22,bing,True,TIFGSM,alexnet,20/80,vgg,google,40/60,0.04,0.05333333333333334,0.02666666666666667
23,bing,True,TIFGSM,alexnet,20/80,vgg,google,50/50,0.03666667,0.04,0.03333333333333333
24,bing,True,TIFGSM,alexnet,30/70,alexnet,bing,20/80,0.42708334,0.3695652173913043,0.48
25,bing,True,TIFGSM,alexnet,30/70,alexnet,bing,30/70,0.4760274,0.38028169014084506,0.5666666666666667
26,bing,True,TIFGSM,alexnet,30/70,alexnet,bing,40/60,0.50680274,0.2827586206896552,0.7248322147651006
27,bing,True,TIFGSM,alexnet,30/70,alexnet,bing,50/50,0.5254237,0.2602739726027397,0.785234899328859
28,bing,True,TIFGSM,alexnet,30/70,resnet,bing,20/80,0.07508532,0.15384615384615385,0.0
29,bing,True,TIFGSM,alexnet,30/70,resnet,bing,30/70,0.06462585,0.13194444444444445,0.0
30,bing,True,TIFGSM,alexnet,30/70,resnet,bing,40/60,0.016949153,0.020689655172413793,0.013333333333333334
31,bing,True,TIFGSM,alexnet,30/70,resnet,bing,50/50,0.016891893,0.0,0.03333333333333333
32,bing,True,TIFGSM,alexnet,30/70,vgg,bing,20/80,0.033898305,0.05517241379310345,0.013333333333333334
33,bing,True,TIFGSM,alexnet,30/70,vgg,bing,30/70,0.047619045,0.08333333333333333,0.013333333333333334
34,bing,True,TIFGSM,alexnet,30/70,vgg,bing,40/60,0.016949153,0.006896551724137931,0.02666666666666667
35,bing,True,TIFGSM,alexnet,30/70,vgg,bing,50/50,0.027118644,0.0,0.05333333333333334
36,bing,True,TIFGSM,alexnet,30/70,alexnet,google,20/80,0.41333336,0.37333333333333335,0.4533333333333333
37,bing,True,TIFGSM,alexnet,30/70,alexnet,google,30/70,0.4,0.36,0.44
38,bing,True,TIFGSM,alexnet,30/70,alexnet,google,40/60,0.45333335,0.32,0.5866666666666667
39,bing,True,TIFGSM,alexnet,30/70,alexnet,google,50/50,0.46333334,0.2733333333333333,0.6533333333333333
40,bing,True,TIFGSM,alexnet,30/70,resnet,google,20/80,0.07666667,0.14666666666666667,0.006666666666666667
41,bing,True,TIFGSM,alexnet,30/70,resnet,google,30/70,0.043333333,0.07333333333333333,0.013333333333333334
42,bing,True,TIFGSM,alexnet,30/70,resnet,google,40/60,0.053333335,0.06666666666666667,0.04
43,bing,True,TIFGSM,alexnet,30/70,resnet,google,50/50,0.033333335,0.03333333333333333,0.03333333333333333
44,bing,True,TIFGSM,alexnet,30/70,vgg,google,20/80,0.07333334,0.13333333333333333,0.013333333333333334
45,bing,True,TIFGSM,alexnet,30/70,vgg,google,30/70,0.030000001,0.04,0.02
46,bing,True,TIFGSM,alexnet,30/70,vgg,google,40/60,0.026666667,0.04,0.013333333333333334
47,bing,True,TIFGSM,alexnet,30/70,vgg,google,50/50,0.03666667,0.04,0.03333333333333333
48,bing,True,TIFGSM,alexnet,40/60,alexnet,bing,20/80,0.5416667,0.427536231884058,0.6466666666666666
49,bing,True,TIFGSM,alexnet,40/60,alexnet,bing,30/70,0.5171233,0.36619718309859156,0.66
50,bing,True,TIFGSM,alexnet,40/60,alexnet,bing,40/60,0.585034,0.33793103448275863,0.825503355704698
51,bing,True,TIFGSM,alexnet,40/60,alexnet,bing,50/50,0.58305085,0.2945205479452055,0.8657718120805369
52,bing,True,TIFGSM,alexnet,40/60,resnet,bing,20/80,0.08532423,0.16083916083916083,0.013333333333333334
53,bing,True,TIFGSM,alexnet,40/60,resnet,bing,30/70,0.07823129,0.1388888888888889,0.02
54,bing,True,TIFGSM,alexnet,40/60,resnet,bing,40/60,0.050847456,0.05517241379310345,0.04666666666666667
55,bing,True,TIFGSM,alexnet,40/60,resnet,bing,50/50,0.033783786,0.00684931506849315,0.06
56,bing,True,TIFGSM,alexnet,40/60,vgg,bing,20/80,0.05762712,0.09655172413793103,0.02
57,bing,True,TIFGSM,alexnet,40/60,vgg,bing,30/70,0.08163265,0.14583333333333334,0.02
58,bing,True,TIFGSM,alexnet,40/60,vgg,bing,40/60,0.033898305,0.013793103448275862,0.05333333333333334
59,bing,True,TIFGSM,alexnet,40/60,vgg,bing,50/50,0.044067796,0.0,0.08666666666666667
60,bing,True,TIFGSM,alexnet,40/60,alexnet,google,20/80,0.49333334,0.4,0.5866666666666667
61,bing,True,TIFGSM,alexnet,40/60,alexnet,google,30/70,0.50666666,0.4066666666666667,0.6066666666666667
62,bing,True,TIFGSM,alexnet,40/60,alexnet,google,40/60,0.52000004,0.3333333333333333,0.7066666666666667
63,bing,True,TIFGSM,alexnet,40/60,alexnet,google,50/50,0.5133333,0.3,0.7266666666666667
64,bing,True,TIFGSM,alexnet,40/60,resnet,google,20/80,0.10333334,0.16666666666666666,0.04
65,bing,True,TIFGSM,alexnet,40/60,resnet,google,30/70,0.05,0.08,0.02
66,bing,True,TIFGSM,alexnet,40/60,resnet,google,40/60,0.06333333,0.06666666666666667,0.06
67,bing,True,TIFGSM,alexnet,40/60,resnet,google,50/50,0.05,0.03333333333333333,0.06666666666666667
68,bing,True,TIFGSM,alexnet,40/60,vgg,google,20/80,0.08,0.14,0.02
69,bing,True,TIFGSM,alexnet,40/60,vgg,google,30/70,0.05,0.05333333333333334,0.04666666666666667
70,bing,True,TIFGSM,alexnet,40/60,vgg,google,40/60,0.046666667,0.04,0.05333333333333334
71,bing,True,TIFGSM,alexnet,40/60,vgg,google,50/50,0.05666667,0.04,0.07333333333333333
72,bing,True,TIFGSM,alexnet,50/50,alexnet,bing,20/80,0.40625,0.3695652173913043,0.44
73,bing,True,TIFGSM,alexnet,50/50,alexnet,bing,30/70,0.43835616,0.3591549295774648,0.5133333333333333
74,bing,True,TIFGSM,alexnet,50/50,alexnet,bing,40/60,0.5136054,0.27586206896551724,0.7449664429530202
75,bing,True,TIFGSM,alexnet,50/50,alexnet,bing,50/50,0.559322,0.2808219178082192,0.8322147651006712
76,bing,True,TIFGSM,alexnet,50/50,resnet,bing,20/80,0.08191126,0.16083916083916083,0.006666666666666667
77,bing,True,TIFGSM,alexnet,50/50,resnet,bing,30/70,0.07142857,0.1388888888888889,0.006666666666666667
78,bing,True,TIFGSM,alexnet,50/50,resnet,bing,40/60,0.037288137,0.041379310344827586,0.03333333333333333
79,bing,True,TIFGSM,alexnet,50/50,resnet,bing,50/50,0.027027028,0.00684931506849315,0.04666666666666667
80,bing,True,TIFGSM,alexnet,50/50,vgg,bing,20/80,0.050847456,0.0896551724137931,0.013333333333333334
81,bing,True,TIFGSM,alexnet,50/50,vgg,bing,30/70,0.06122449,0.1111111111111111,0.013333333333333334
82,bing,True,TIFGSM,alexnet,50/50,vgg,bing,40/60,0.027118644,0.020689655172413793,0.03333333333333333
83,bing,True,TIFGSM,alexnet,50/50,vgg,bing,50/50,0.037288137,0.006896551724137931,0.06666666666666667
84,bing,True,TIFGSM,alexnet,50/50,alexnet,google,20/80,0.42000002,0.38,0.46
85,bing,True,TIFGSM,alexnet,50/50,alexnet,google,30/70,0.4166667,0.38666666666666666,0.44666666666666666
86,bing,True,TIFGSM,alexnet,50/50,alexnet,google,40/60,0.44333336,0.30666666666666664,0.58
87,bing,True,TIFGSM,alexnet,50/50,alexnet,google,50/50,0.48000002,0.28,0.68
88,bing,True,TIFGSM,alexnet,50/50,resnet,google,20/80,0.09666667,0.16666666666666666,0.02666666666666667
89,bing,True,TIFGSM,alexnet,50/50,resnet,google,30/70,0.05,0.08666666666666667,0.013333333333333334
90,bing,True,TIFGSM,alexnet,50/50,resnet,google,40/60,0.053333335,0.06666666666666667,0.04
91,bing,True,TIFGSM,alexnet,50/50,resnet,google,50/50,0.03666667,0.04,0.03333333333333333
92,bing,True,TIFGSM,alexnet,50/50,vgg,google,20/80,0.086666666,0.16,0.013333333333333334
93,bing,True,TIFGSM,alexnet,50/50,vgg,google,30/70,0.046666667,0.06,0.03333333333333333
94,bing,True,TIFGSM,alexnet,50/50,vgg,google,40/60,0.033333335,0.04666666666666667,0.02
95,bing,True,TIFGSM,alexnet,50/50,vgg,google,50/50,0.030000001,0.04,0.02
96,bing,True,TIFGSM,resnet,20/80,alexnet,bing,20/80,0.03125,0.036231884057971016,0.02666666666666667
97,bing,True,TIFGSM,resnet,20/80,alexnet,bing,30/70,0.020547945,0.014084507042253521,0.02666666666666667
98,bing,True,TIFGSM,resnet,20/80,alexnet,bing,40/60,0.034013607,0.006896551724137931,0.06040268456375839
99,bing,True,TIFGSM,resnet,20/80,alexnet,bing,50/50,0.047457628,0.00684931506849315,0.087248322147651
100,bing,True,TIFGSM,resnet,20/80,resnet,bing,20/80,0.5904437,0.5244755244755245,0.6533333333333333
101,bing,True,TIFGSM,resnet,20/80,resnet,bing,30/70,0.53741497,0.5138888888888888,0.56
102,bing,True,TIFGSM,resnet,20/80,resnet,bing,40/60,0.49491525,0.36551724137931035,0.62
103,bing,True,TIFGSM,resnet,20/80,resnet,bing,50/50,0.46621624,0.273972602739726,0.6533333333333333
104,bing,True,TIFGSM,resnet,20/80,vgg,bing,20/80,0.1118644,0.13793103448275862,0.08666666666666667
105,bing,True,TIFGSM,resnet,20/80,vgg,bing,30/70,0.14965986,0.2222222222222222,0.08
106,bing,True,TIFGSM,resnet,20/80,vgg,bing,40/60,0.10508475,0.04827586206896552,0.16
107,bing,True,TIFGSM,resnet,20/80,vgg,bing,50/50,0.16271186,0.034482758620689655,0.2866666666666667
108,bing,True,TIFGSM,resnet,20/80,alexnet,google,20/80,0.04,0.05333333333333334,0.02666666666666667
109,bing,True,TIFGSM,resnet,20/80,alexnet,google,30/70,0.043333333,0.07333333333333333,0.013333333333333334
110,bing,True,TIFGSM,resnet,20/80,alexnet,google,40/60,0.046666667,0.04666666666666667,0.04666666666666667
111,bing,True,TIFGSM,resnet,20/80,alexnet,google,50/50,0.046666667,0.04666666666666667,0.04666666666666667
112,bing,True,TIFGSM,resnet,20/80,resnet,google,20/80,0.49666667,0.46,0.5333333333333333
113,bing,True,TIFGSM,resnet,20/80,resnet,google,30/70,0.34,0.38,0.3
114,bing,True,TIFGSM,resnet,20/80,resnet,google,40/60,0.46666667,0.3333333333333333,0.6
115,bing,True,TIFGSM,resnet,20/80,resnet,google,50/50,0.43666667,0.28,0.5933333333333334
116,bing,True,TIFGSM,resnet,20/80,vgg,google,20/80,0.14333333,0.22,0.06666666666666667
117,bing,True,TIFGSM,resnet,20/80,vgg,google,30/70,0.11,0.08,0.14
118,bing,True,TIFGSM,resnet,20/80,vgg,google,40/60,0.10333334,0.07333333333333333,0.13333333333333333
119,bing,True,TIFGSM,resnet,20/80,vgg,google,50/50,0.120000005,0.05333333333333334,0.18666666666666668
120,bing,True,TIFGSM,resnet,30/70,alexnet,bing,20/80,0.034722224,0.036231884057971016,0.03333333333333333
121,bing,True,TIFGSM,resnet,30/70,alexnet,bing,30/70,0.030821918,0.028169014084507043,0.03333333333333333
122,bing,True,TIFGSM,resnet,30/70,alexnet,bing,40/60,0.051020406,0.027586206896551724,0.0738255033557047
123,bing,True,TIFGSM,resnet,30/70,alexnet,bing,50/50,0.054237287,0.00684931506849315,0.10067114093959731
124,bing,True,TIFGSM,resnet,30/70,resnet,bing,20/80,0.56996584,0.5314685314685315,0.6066666666666667
125,bing,True,TIFGSM,resnet,30/70,resnet,bing,30/70,0.57142854,0.5347222222222222,0.6066666666666667
126,bing,True,TIFGSM,resnet,30/70,resnet,bing,40/60,0.51525426,0.3931034482758621,0.6333333333333333
127,bing,True,TIFGSM,resnet,30/70,resnet,bing,50/50,0.4695946,0.2808219178082192,0.6533333333333333
128,bing,True,TIFGSM,resnet,30/70,vgg,bing,20/80,0.13559322,0.1724137931034483,0.1
129,bing,True,TIFGSM,resnet,30/70,vgg,bing,30/70,0.17006803,0.2361111111111111,0.10666666666666667
130,bing,True,TIFGSM,resnet,30/70,vgg,bing,40/60,0.108474575,0.05517241379310345,0.16
131,bing,True,TIFGSM,resnet,30/70,vgg,bing,50/50,0.17288135,0.04827586206896552,0.29333333333333333
132,bing,True,TIFGSM,resnet,30/70,alexnet,google,20/80,0.043333333,0.05333333333333334,0.03333333333333333
133,bing,True,TIFGSM,resnet,30/70,alexnet,google,30/70,0.04,0.06666666666666667,0.013333333333333334
134,bing,True,TIFGSM,resnet,30/70,alexnet,google,40/60,0.05,0.05333333333333334,0.04666666666666667
135,bing,True,TIFGSM,resnet,30/70,alexnet,google,50/50,0.05,0.04666666666666667,0.05333333333333334
136,bing,True,TIFGSM,resnet,30/70,resnet,google,20/80,0.51,0.44,0.58
137,bing,True,TIFGSM,resnet,30/70,resnet,google,30/70,0.34666666,0.38,0.31333333333333335
138,bing,True,TIFGSM,resnet,30/70,resnet,google,40/60,0.49,0.36666666666666664,0.6133333333333333
139,bing,True,TIFGSM,resnet,30/70,resnet,google,50/50,0.46666667,0.32,0.6133333333333333
140,bing,True,TIFGSM,resnet,30/70,vgg,google,20/80,0.15,0.22666666666666666,0.07333333333333333
141,bing,True,TIFGSM,resnet,30/70,vgg,google,30/70,0.11333334,0.09333333333333334,0.13333333333333333
142,bing,True,TIFGSM,resnet,30/70,vgg,google,40/60,0.11666667,0.07333333333333333,0.16
143,bing,True,TIFGSM,resnet,30/70,vgg,google,50/50,0.13333334,0.06666666666666667,0.2
144,bing,True,TIFGSM,resnet,40/60,alexnet,bing,20/80,0.038194444,0.043478260869565216,0.03333333333333333
145,bing,True,TIFGSM,resnet,40/60,alexnet,bing,30/70,0.03767123,0.028169014084507043,0.04666666666666667
146,bing,True,TIFGSM,resnet,40/60,alexnet,bing,40/60,0.051020406,0.027586206896551724,0.0738255033557047
147,bing,True,TIFGSM,resnet,40/60,alexnet,bing,50/50,0.06779661,0.0136986301369863,0.12080536912751678
148,bing,True,TIFGSM,resnet,40/60,resnet,bing,20/80,0.58361775,0.5174825174825175,0.6466666666666666
149,bing,True,TIFGSM,resnet,40/60,resnet,bing,30/70,0.59183675,0.5208333333333334,0.66
150,bing,True,TIFGSM,resnet,40/60,resnet,bing,40/60,0.5762712,0.41379310344827586,0.7333333333333333
151,bing,True,TIFGSM,resnet,40/60,resnet,bing,50/50,0.5810811,0.3835616438356164,0.7733333333333333
152,bing,True,TIFGSM,resnet,40/60,vgg,bing,20/80,0.14576271,0.2,0.09333333333333334
153,bing,True,TIFGSM,resnet,40/60,vgg,bing,30/70,0.16666666,0.2569444444444444,0.08
154,bing,True,TIFGSM,resnet,40/60,vgg,bing,40/60,0.118644066,0.09655172413793103,0.14
155,bing,True,TIFGSM,resnet,40/60,vgg,bing,50/50,0.20677966,0.06896551724137931,0.34
156,bing,True,TIFGSM,resnet,40/60,alexnet,google,20/80,0.053333335,0.06666666666666667,0.04
157,bing,True,TIFGSM,resnet,40/60,alexnet,google,30/70,0.046666667,0.07333333333333333,0.02
158,bing,True,TIFGSM,resnet,40/60,alexnet,google,40/60,0.043333333,0.04666666666666667,0.04
159,bing,True,TIFGSM,resnet,40/60,alexnet,google,50/50,0.046666667,0.05333333333333334,0.04
160,bing,True,TIFGSM,resnet,40/60,resnet,google,20/80,0.5233334,0.4533333333333333,0.5933333333333334
161,bing,True,TIFGSM,resnet,40/60,resnet,google,30/70,0.38,0.3933333333333333,0.36666666666666664
162,bing,True,TIFGSM,resnet,40/60,resnet,google,40/60,0.5266667,0.38,0.6733333333333333
163,bing,True,TIFGSM,resnet,40/60,resnet,google,50/50,0.5366667,0.34,0.7333333333333333
164,bing,True,TIFGSM,resnet,40/60,vgg,google,20/80,0.16666667,0.26666666666666666,0.06666666666666667
165,bing,True,TIFGSM,resnet,40/60,vgg,google,30/70,0.13666667,0.12666666666666668,0.14666666666666667
166,bing,True,TIFGSM,resnet,40/60,vgg,google,40/60,0.120000005,0.08,0.16
167,bing,True,TIFGSM,resnet,40/60,vgg,google,50/50,0.14333333,0.06666666666666667,0.22
168,bing,True,TIFGSM,resnet,50/50,alexnet,bing,20/80,0.027777778,0.036231884057971016,0.02
169,bing,True,TIFGSM,resnet,50/50,alexnet,bing,30/70,0.04109589,0.04929577464788732,0.03333333333333333
170,bing,True,TIFGSM,resnet,50/50,alexnet,bing,40/60,0.037414964,0.020689655172413793,0.053691275167785234
171,bing,True,TIFGSM,resnet,50/50,alexnet,bing,50/50,0.06440678,0.02054794520547945,0.10738255033557047
172,bing,True,TIFGSM,resnet,50/50,resnet,bing,20/80,0.5426621,0.4965034965034965,0.5866666666666667
173,bing,True,TIFGSM,resnet,50/50,resnet,bing,30/70,0.5510204,0.5,0.6
174,bing,True,TIFGSM,resnet,50/50,resnet,bing,40/60,0.5457627,0.3931034482758621,0.6933333333333334
175,bing,True,TIFGSM,resnet,50/50,resnet,bing,50/50,0.570946,0.3356164383561644,0.8
176,bing,True,TIFGSM,resnet,50/50,vgg,bing,20/80,0.14576271,0.21379310344827587,0.08
177,bing,True,TIFGSM,resnet,50/50,vgg,bing,30/70,0.17346938,0.2708333333333333,0.08
178,bing,True,TIFGSM,resnet,50/50,vgg,bing,40/60,0.12542373,0.10344827586206896,0.14666666666666667
179,bing,True,TIFGSM,resnet,50/50,vgg,bing,50/50,0.19661017,0.07586206896551724,0.31333333333333335
180,bing,True,TIFGSM,resnet,50/50,alexnet,google,20/80,0.05666667,0.08,0.03333333333333333
181,bing,True,TIFGSM,resnet,50/50,alexnet,google,30/70,0.05,0.08666666666666667,0.013333333333333334
182,bing,True,TIFGSM,resnet,50/50,alexnet,google,40/60,0.05,0.06,0.04
183,bing,True,TIFGSM,resnet,50/50,alexnet,google,50/50,0.053333335,0.06,0.04666666666666667
184,bing,True,TIFGSM,resnet,50/50,resnet,google,20/80,0.49,0.44,0.54
185,bing,True,TIFGSM,resnet,50/50,resnet,google,30/70,0.33666667,0.36666666666666664,0.30666666666666664
186,bing,True,TIFGSM,resnet,50/50,resnet,google,40/60,0.5,0.34,0.66
187,bing,True,TIFGSM,resnet,50/50,resnet,google,50/50,0.48666668,0.3,0.6733333333333333
188,bing,True,TIFGSM,resnet,50/50,vgg,google,20/80,0.16,0.26666666666666666,0.05333333333333334
189,bing,True,TIFGSM,resnet,50/50,vgg,google,30/70,0.13333334,0.13333333333333333,0.13333333333333333
190,bing,True,TIFGSM,resnet,50/50,vgg,google,40/60,0.120000005,0.10666666666666667,0.13333333333333333
191,bing,True,TIFGSM,resnet,50/50,vgg,google,50/50,0.15,0.09333333333333334,0.20666666666666667
192,bing,True,TIFGSM,vgg,20/80,alexnet,bing,20/80,0.03125,0.028985507246376812,0.03333333333333333
193,bing,True,TIFGSM,vgg,20/80,alexnet,bing,30/70,0.017123288,0.014084507042253521,0.02
194,bing,True,TIFGSM,vgg,20/80,alexnet,bing,40/60,0.034013607,0.013793103448275862,0.053691275167785234
195,bing,True,TIFGSM,vgg,20/80,alexnet,bing,50/50,0.05762712,0.00684931506849315,0.10738255033557047
196,bing,True,TIFGSM,vgg,20/80,resnet,bing,20/80,0.08532423,0.16083916083916083,0.013333333333333334
197,bing,True,TIFGSM,vgg,20/80,resnet,bing,30/70,0.091836736,0.16666666666666666,0.02
198,bing,True,TIFGSM,vgg,20/80,resnet,bing,40/60,0.037288137,0.020689655172413793,0.05333333333333334
199,bing,True,TIFGSM,vgg,20/80,resnet,bing,50/50,0.050675675,0.00684931506849315,0.09333333333333334
200,bing,True,TIFGSM,vgg,20/80,vgg,bing,20/80,0.6474576,0.5172413793103449,0.7733333333333333
201,bing,True,TIFGSM,vgg,20/80,vgg,bing,30/70,0.7040816,0.5763888888888888,0.8266666666666667
202,bing,True,TIFGSM,vgg,20/80,vgg,bing,40/60,0.60677963,0.4,0.8066666666666666
203,bing,True,TIFGSM,vgg,20/80,vgg,bing,50/50,0.63728815,0.3586206896551724,0.9066666666666666
204,bing,True,TIFGSM,vgg,20/80,alexnet,google,20/80,0.04,0.05333333333333334,0.02666666666666667
205,bing,True,TIFGSM,vgg,20/80,alexnet,google,30/70,0.04,0.06666666666666667,0.013333333333333334
206,bing,True,TIFGSM,vgg,20/80,alexnet,google,40/60,0.05666667,0.06,0.05333333333333334
207,bing,True,TIFGSM,vgg,20/80,alexnet,google,50/50,0.05666667,0.04,0.07333333333333333
208,bing,True,TIFGSM,vgg,20/80,resnet,google,20/80,0.1,0.16,0.04
209,bing,True,TIFGSM,vgg,20/80,resnet,google,30/70,0.06333333,0.08666666666666667,0.04
210,bing,True,TIFGSM,vgg,20/80,resnet,google,40/60,0.06666667,0.05333333333333334,0.08
211,bing,True,TIFGSM,vgg,20/80,resnet,google,50/50,0.07,0.03333333333333333,0.10666666666666667
212,bing,True,TIFGSM,vgg,20/80,vgg,google,20/80,0.6166667,0.4866666666666667,0.7466666666666667
213,bing,True,TIFGSM,vgg,20/80,vgg,google,30/70,0.62333333,0.43333333333333335,0.8133333333333334
214,bing,True,TIFGSM,vgg,20/80,vgg,google,40/60,0.56333333,0.38666666666666666,0.74
215,bing,True,TIFGSM,vgg,20/80,vgg,google,50/50,0.56666666,0.3333333333333333,0.8
216,bing,True,TIFGSM,vgg,30/70,alexnet,bing,20/80,0.024305556,0.021739130434782608,0.02666666666666667
217,bing,True,TIFGSM,vgg,30/70,alexnet,bing,30/70,0.01369863,0.0,0.02666666666666667
218,bing,True,TIFGSM,vgg,30/70,alexnet,bing,40/60,0.034013607,0.013793103448275862,0.053691275167785234
219,bing,True,TIFGSM,vgg,30/70,alexnet,bing,50/50,0.050847456,0.00684931506849315,0.09395973154362416
220,bing,True,TIFGSM,vgg,30/70,resnet,bing,20/80,0.08191126,0.14685314685314685,0.02
221,bing,True,TIFGSM,vgg,30/70,resnet,bing,30/70,0.06802721,0.11805555555555555,0.02
222,bing,True,TIFGSM,vgg,30/70,resnet,bing,40/60,0.040677965,0.027586206896551724,0.05333333333333334
223,bing,True,TIFGSM,vgg,30/70,resnet,bing,50/50,0.04391892,0.00684931506849315,0.08
224,bing,True,TIFGSM,vgg,30/70,vgg,bing,20/80,0.6033898,0.4896551724137931,0.7133333333333334
225,bing,True,TIFGSM,vgg,30/70,vgg,bing,30/70,0.6938775,0.5625,0.82
226,bing,True,TIFGSM,vgg,30/70,vgg,bing,40/60,0.5864407,0.41379310344827586,0.7533333333333333
227,bing,True,TIFGSM,vgg,30/70,vgg,bing,50/50,0.63728815,0.3793103448275862,0.8866666666666667
228,bing,True,TIFGSM,vgg,30/70,alexnet,google,20/80,0.04,0.06,0.02
229,bing,True,TIFGSM,vgg,30/70,alexnet,google,30/70,0.043333333,0.07333333333333333,0.013333333333333334
230,bing,True,TIFGSM,vgg,30/70,alexnet,google,40/60,0.046666667,0.04666666666666667,0.04666666666666667
231,bing,True,TIFGSM,vgg,30/70,alexnet,google,50/50,0.05666667,0.04,0.07333333333333333
232,bing,True,TIFGSM,vgg,30/70,resnet,google,20/80,0.083333336,0.14,0.02666666666666667
233,bing,True,TIFGSM,vgg,30/70,resnet,google,30/70,0.060000002,0.08,0.04
234,bing,True,TIFGSM,vgg,30/70,resnet,google,40/60,0.07666667,0.07333333333333333,0.08
235,bing,True,TIFGSM,vgg,30/70,resnet,google,50/50,0.07,0.03333333333333333,0.10666666666666667
236,bing,True,TIFGSM,vgg,30/70,vgg,google,20/80,0.58000004,0.49333333333333335,0.6666666666666666
237,bing,True,TIFGSM,vgg,30/70,vgg,google,30/70,0.62,0.4266666666666667,0.8133333333333334
238,bing,True,TIFGSM,vgg,30/70,vgg,google,40/60,0.53000003,0.37333333333333335,0.6866666666666666
239,bing,True,TIFGSM,vgg,30/70,vgg,google,50/50,0.55333334,0.3333333333333333,0.7733333333333333
240,bing,True,TIFGSM,vgg,40/60,alexnet,bing,20/80,0.027777778,0.021739130434782608,0.03333333333333333
241,bing,True,TIFGSM,vgg,40/60,alexnet,bing,30/70,0.017123288,0.007042253521126761,0.02666666666666667
242,bing,True,TIFGSM,vgg,40/60,alexnet,bing,40/60,0.034013607,0.013793103448275862,0.053691275167785234
243,bing,True,TIFGSM,vgg,40/60,alexnet,bing,50/50,0.044067796,0.00684931506849315,0.08053691275167785
244,bing,True,TIFGSM,vgg,40/60,resnet,bing,20/80,0.08191126,0.14685314685314685,0.02
245,bing,True,TIFGSM,vgg,40/60,resnet,bing,30/70,0.088435374,0.1527777777777778,0.02666666666666667
246,bing,True,TIFGSM,vgg,40/60,resnet,bing,40/60,0.054237287,0.041379310344827586,0.06666666666666667
247,bing,True,TIFGSM,vgg,40/60,resnet,bing,50/50,0.050675675,0.0136986301369863,0.08666666666666667
248,bing,True,TIFGSM,vgg,40/60,vgg,bing,20/80,0.5661017,0.46206896551724136,0.6666666666666666
249,bing,True,TIFGSM,vgg,40/60,vgg,bing,30/70,0.65986395,0.5277777777777778,0.7866666666666666
250,bing,True,TIFGSM,vgg,40/60,vgg,bing,40/60,0.620339,0.42758620689655175,0.8066666666666666
251,bing,True,TIFGSM,vgg,40/60,vgg,bing,50/50,0.63728815,0.38620689655172413,0.88
252,bing,True,TIFGSM,vgg,40/60,alexnet,google,20/80,0.04,0.06666666666666667,0.013333333333333334
253,bing,True,TIFGSM,vgg,40/60,alexnet,google,30/70,0.043333333,0.06666666666666667,0.02
254,bing,True,TIFGSM,vgg,40/60,alexnet,google,40/60,0.043333333,0.04666666666666667,0.04
255,bing,True,TIFGSM,vgg,40/60,alexnet,google,50/50,0.053333335,0.04666666666666667,0.06
256,bing,True,TIFGSM,vgg,40/60,resnet,google,20/80,0.10333334,0.16,0.04666666666666667
257,bing,True,TIFGSM,vgg,40/60,resnet,google,30/70,0.06666667,0.1,0.03333333333333333
258,bing,True,TIFGSM,vgg,40/60,resnet,google,40/60,0.07666667,0.06,0.09333333333333334
259,bing,True,TIFGSM,vgg,40/60,resnet,google,50/50,0.060000002,0.02666666666666667,0.09333333333333334
260,bing,True,TIFGSM,vgg,40/60,vgg,google,20/80,0.56,0.47333333333333333,0.6466666666666666
261,bing,True,TIFGSM,vgg,40/60,vgg,google,30/70,0.5833334,0.4,0.7666666666666667
262,bing,True,TIFGSM,vgg,40/60,vgg,google,40/60,0.56333333,0.3933333333333333,0.7333333333333333
263,bing,True,TIFGSM,vgg,40/60,vgg,google,50/50,0.55,0.34,0.76
264,bing,True,TIFGSM,vgg,50/50,alexnet,bing,20/80,0.017361112,0.014492753623188406,0.02
265,bing,True,TIFGSM,vgg,50/50,alexnet,bing,30/70,0.023972603,0.014084507042253521,0.03333333333333333
266,bing,True,TIFGSM,vgg,50/50,alexnet,bing,40/60,0.030612245,0.020689655172413793,0.040268456375838924
267,bing,True,TIFGSM,vgg,50/50,alexnet,bing,50/50,0.050847456,0.00684931506849315,0.09395973154362416
268,bing,True,TIFGSM,vgg,50/50,resnet,bing,20/80,0.08191126,0.15384615384615385,0.013333333333333334
269,bing,True,TIFGSM,vgg,50/50,resnet,bing,30/70,0.07823129,0.14583333333333334,0.013333333333333334
270,bing,True,TIFGSM,vgg,50/50,resnet,bing,40/60,0.044067796,0.04827586206896552,0.04
271,bing,True,TIFGSM,vgg,50/50,resnet,bing,50/50,0.040540542,0.0136986301369863,0.06666666666666667
272,bing,True,TIFGSM,vgg,50/50,vgg,bing,20/80,0.5423729,0.4689655172413793,0.6133333333333333
273,bing,True,TIFGSM,vgg,50/50,vgg,bing,30/70,0.622449,0.5486111111111112,0.6933333333333334
274,bing,True,TIFGSM,vgg,50/50,vgg,bing,40/60,0.59322035,0.41379310344827586,0.7666666666666667
275,bing,True,TIFGSM,vgg,50/50,vgg,bing,50/50,0.6576271,0.4,0.9066666666666666
276,bing,True,TIFGSM,vgg,50/50,alexnet,google,20/80,0.04,0.06666666666666667,0.013333333333333334
277,bing,True,TIFGSM,vgg,50/50,alexnet,google,30/70,0.046666667,0.08,0.013333333333333334
278,bing,True,TIFGSM,vgg,50/50,alexnet,google,40/60,0.053333335,0.05333333333333334,0.05333333333333334
279,bing,True,TIFGSM,vgg,50/50,alexnet,google,50/50,0.05,0.04666666666666667,0.05333333333333334
280,bing,True,TIFGSM,vgg,50/50,resnet,google,20/80,0.10666667,0.18666666666666668,0.02666666666666667
281,bing,True,TIFGSM,vgg,50/50,resnet,google,30/70,0.06666667,0.1,0.03333333333333333
282,bing,True,TIFGSM,vgg,50/50,resnet,google,40/60,0.060000002,0.06,0.06
283,bing,True,TIFGSM,vgg,50/50,resnet,google,50/50,0.060000002,0.04666666666666667,0.07333333333333333
284,bing,True,TIFGSM,vgg,50/50,vgg,google,20/80,0.53333336,0.4666666666666667,0.6
285,bing,True,TIFGSM,vgg,50/50,vgg,google,30/70,0.58000004,0.42,0.74
286,bing,True,TIFGSM,vgg,50/50,vgg,google,40/60,0.55333334,0.3933333333333333,0.7133333333333334
287,bing,True,TIFGSM,vgg,50/50,vgg,google,50/50,0.54333335,0.34,0.7466666666666667
288,google,True,TIFGSM,alexnet,20/80,alexnet,bing,20/80,0.27666667,0.17333333333333334,0.38
289,google,True,TIFGSM,alexnet,20/80,alexnet,bing,30/70,0.25666666,0.12,0.3933333333333333
290,google,True,TIFGSM,alexnet,20/80,alexnet,bing,40/60,0.34,0.08,0.6
291,google,True,TIFGSM,alexnet,20/80,alexnet,bing,50/50,0.38,0.06666666666666667,0.6933333333333334
292,google,True,TIFGSM,alexnet,20/80,resnet,bing,20/80,0.04,0.06,0.02
293,google,True,TIFGSM,alexnet,20/80,resnet,bing,30/70,0.03666667,0.04666666666666667,0.02666666666666667
294,google,True,TIFGSM,alexnet,20/80,resnet,bing,40/60,0.046666667,0.02666666666666667,0.06666666666666667
295,google,True,TIFGSM,alexnet,20/80,resnet,bing,50/50,0.053333335,0.006666666666666667,0.1
296,google,True,TIFGSM,alexnet,20/80,vgg,bing,20/80,0.026666667,0.03333333333333333,0.02
297,google,True,TIFGSM,alexnet,20/80,vgg,bing,30/70,0.03666667,0.04,0.03333333333333333
298,google,True,TIFGSM,alexnet,20/80,vgg,bing,40/60,0.03666667,0.013333333333333334,0.06
299,google,True,TIFGSM,alexnet,20/80,vgg,bing,50/50,0.07333334,0.013333333333333334,0.13333333333333333
300,google,True,TIFGSM,alexnet,20/80,alexnet,google,20/80,0.29692832,0.125,0.46308724832214765
301,google,True,TIFGSM,alexnet,20/80,alexnet,google,30/70,0.28716215,0.0958904109589041,0.47333333333333333
302,google,True,TIFGSM,alexnet,20/80,alexnet,google,40/60,0.3118644,0.06802721088435375,0.5540540540540541
303,google,True,TIFGSM,alexnet,20/80,alexnet,google,50/50,0.3095238,0.04081632653061224,0.5782312925170068
304,google,True,TIFGSM,alexnet,20/80,resnet,google,20/80,0.027118644,0.0,0.05333333333333334
305,google,True,TIFGSM,alexnet,20/80,resnet,google,30/70,0.033444814,0.020134228187919462,0.04666666666666667
306,google,True,TIFGSM,alexnet,20/80,resnet,google,40/60,0.033670034,0.006711409395973154,0.060810810810810814
307,google,True,TIFGSM,alexnet,20/80,resnet,google,50/50,0.037288137,0.006711409395973154,0.0684931506849315
308,google,True,TIFGSM,alexnet,20/80,vgg,google,20/80,0.033670034,0.027210884353741496,0.04
309,google,True,TIFGSM,alexnet,20/80,vgg,google,30/70,0.033444814,0.006711409395973154,0.06
310,google,True,TIFGSM,alexnet,20/80,vgg,google,40/60,0.03030303,0.006711409395973154,0.05405405405405406
311,google,True,TIFGSM,alexnet,20/80,vgg,google,50/50,0.047138046,0.0,0.0945945945945946
312,google,True,TIFGSM,alexnet,30/70,alexnet,bing,20/80,0.3,0.19333333333333333,0.4066666666666667
313,google,True,TIFGSM,alexnet,30/70,alexnet,bing,30/70,0.28,0.14,0.42
314,google,True,TIFGSM,alexnet,30/70,alexnet,bing,40/60,0.36,0.08666666666666667,0.6333333333333333
315,google,True,TIFGSM,alexnet,30/70,alexnet,bing,50/50,0.38333336,0.08666666666666667,0.68
316,google,True,TIFGSM,alexnet,30/70,resnet,bing,20/80,0.046666667,0.04666666666666667,0.04666666666666667
317,google,True,TIFGSM,alexnet,30/70,resnet,bing,30/70,0.043333333,0.04,0.04666666666666667
318,google,True,TIFGSM,alexnet,30/70,resnet,bing,40/60,0.05,0.013333333333333334,0.08666666666666667
319,google,True,TIFGSM,alexnet,30/70,resnet,bing,50/50,0.053333335,0.013333333333333334,0.09333333333333334
320,google,True,TIFGSM,alexnet,30/70,vgg,bing,20/80,0.030000001,0.03333333333333333,0.02666666666666667
321,google,True,TIFGSM,alexnet,30/70,vgg,bing,30/70,0.05,0.06,0.04
322,google,True,TIFGSM,alexnet,30/70,vgg,bing,40/60,0.043333333,0.013333333333333334,0.07333333333333333
323,google,True,TIFGSM,alexnet,30/70,vgg,bing,50/50,0.09,0.006666666666666667,0.17333333333333334
324,google,True,TIFGSM,alexnet,30/70,alexnet,google,20/80,0.2901024,0.1388888888888889,0.436241610738255
325,google,True,TIFGSM,alexnet,30/70,alexnet,google,30/70,0.347973,0.13013698630136986,0.56
326,google,True,TIFGSM,alexnet,30/70,alexnet,google,40/60,0.3118644,0.07482993197278912,0.5472972972972973
327,google,True,TIFGSM,alexnet,30/70,alexnet,google,50/50,0.34353742,0.05442176870748299,0.6326530612244898
328,google,True,TIFGSM,alexnet,30/70,resnet,google,20/80,0.023728814,0.0,0.04666666666666667
329,google,True,TIFGSM,alexnet,30/70,resnet,google,30/70,0.036789298,0.013422818791946308,0.06
330,google,True,TIFGSM,alexnet,30/70,resnet,google,40/60,0.04040404,0.0,0.08108108108108109
331,google,True,TIFGSM,alexnet,30/70,resnet,google,50/50,0.040677965,0.0,0.0821917808219178
332,google,True,TIFGSM,alexnet,30/70,vgg,google,20/80,0.033670034,0.034013605442176874,0.03333333333333333
333,google,True,TIFGSM,alexnet,30/70,vgg,google,30/70,0.04347826,0.0,0.08666666666666667
334,google,True,TIFGSM,alexnet,30/70,vgg,google,40/60,0.037037037,0.0,0.07432432432432433
335,google,True,TIFGSM,alexnet,30/70,vgg,google,50/50,0.053872053,0.0,0.10810810810810811
336,google,True,TIFGSM,alexnet,40/60,alexnet,bing,20/80,0.3,0.21333333333333335,0.38666666666666666
337,google,True,TIFGSM,alexnet,40/60,alexnet,bing,30/70,0.28333333,0.15333333333333332,0.41333333333333333
338,google,True,TIFGSM,alexnet,40/60,alexnet,bing,40/60,0.39000002,0.12,0.66
339,google,True,TIFGSM,alexnet,40/60,alexnet,bing,50/50,0.40333334,0.09333333333333334,0.7133333333333334
340,google,True,TIFGSM,alexnet,40/60,resnet,bing,20/80,0.043333333,0.05333333333333334,0.03333333333333333
341,google,True,TIFGSM,alexnet,40/60,resnet,bing,30/70,0.03666667,0.05333333333333334,0.02
342,google,True,TIFGSM,alexnet,40/60,resnet,bing,40/60,0.05,0.02,0.08
343,google,True,TIFGSM,alexnet,40/60,resnet,bing,50/50,0.05,0.006666666666666667,0.09333333333333334
344,google,True,TIFGSM,alexnet,40/60,vgg,bing,20/80,0.030000001,0.04666666666666667,0.013333333333333334
345,google,True,TIFGSM,alexnet,40/60,vgg,bing,30/70,0.053333335,0.06,0.04666666666666667
346,google,True,TIFGSM,alexnet,40/60,vgg,bing,40/60,0.03666667,0.013333333333333334,0.06
347,google,True,TIFGSM,alexnet,40/60,vgg,bing,50/50,0.07666667,0.006666666666666667,0.14666666666666667
348,google,True,TIFGSM,alexnet,40/60,alexnet,google,20/80,0.26279864,0.1388888888888889,0.3825503355704698
349,google,True,TIFGSM,alexnet,40/60,alexnet,google,30/70,0.2972973,0.10273972602739725,0.4866666666666667
350,google,True,TIFGSM,alexnet,40/60,alexnet,google,40/60,0.3322034,0.08843537414965986,0.5743243243243243
351,google,True,TIFGSM,alexnet,40/60,alexnet,google,50/50,0.34013605,0.061224489795918366,0.6190476190476191
352,google,True,TIFGSM,alexnet,40/60,resnet,google,20/80,0.033898305,0.013793103448275862,0.05333333333333334
353,google,True,TIFGSM,alexnet,40/60,resnet,google,30/70,0.040133778,0.020134228187919462,0.06
354,google,True,TIFGSM,alexnet,40/60,resnet,google,40/60,0.04040404,0.006711409395973154,0.07432432432432433
355,google,True,TIFGSM,alexnet,40/60,resnet,google,50/50,0.040677965,0.006711409395973154,0.07534246575342465
356,google,True,TIFGSM,alexnet,40/60,vgg,google,20/80,0.026936026,0.027210884353741496,0.02666666666666667
357,google,True,TIFGSM,alexnet,40/60,vgg,google,30/70,0.040133778,0.006711409395973154,0.07333333333333333
358,google,True,TIFGSM,alexnet,40/60,vgg,google,40/60,0.043771043,0.006711409395973154,0.08108108108108109
359,google,True,TIFGSM,alexnet,40/60,vgg,google,50/50,0.05050505,0.0,0.10135135135135136
360,google,True,TIFGSM,alexnet,50/50,alexnet,bing,20/80,0.32333335,0.22666666666666666,0.42
361,google,True,TIFGSM,alexnet,50/50,alexnet,bing,30/70,0.30333334,0.16,0.44666666666666666
362,google,True,TIFGSM,alexnet,50/50,alexnet,bing,40/60,0.41333336,0.12666666666666668,0.7
363,google,True,TIFGSM,alexnet,50/50,alexnet,bing,50/50,0.43,0.1,0.76
364,google,True,TIFGSM,alexnet,50/50,resnet,bing,20/80,0.05666667,0.06,0.05333333333333334
365,google,True,TIFGSM,alexnet,50/50,resnet,bing,30/70,0.04,0.03333333333333333,0.04666666666666667
366,google,True,TIFGSM,alexnet,50/50,resnet,bing,40/60,0.053333335,0.02,0.08666666666666667
367,google,True,TIFGSM,alexnet,50/50,resnet,bing,50/50,0.05666667,0.013333333333333334,0.1
368,google,True,TIFGSM,alexnet,50/50,vgg,bing,20/80,0.03666667,0.04,0.03333333333333333
369,google,True,TIFGSM,alexnet,50/50,vgg,bing,30/70,0.05666667,0.06666666666666667,0.04666666666666667
370,google,True,TIFGSM,alexnet,50/50,vgg,bing,40/60,0.05666667,0.02,0.09333333333333334
371,google,True,TIFGSM,alexnet,50/50,vgg,bing,50/50,0.093333334,0.013333333333333334,0.17333333333333334
372,google,True,TIFGSM,alexnet,50/50,alexnet,google,20/80,0.2866894,0.13194444444444445,0.436241610738255
373,google,True,TIFGSM,alexnet,50/50,alexnet,google,30/70,0.35472974,0.14383561643835616,0.56
374,google,True,TIFGSM,alexnet,50/50,alexnet,google,40/60,0.37288135,0.12244897959183673,0.6216216216216216
375,google,True,TIFGSM,alexnet,50/50,alexnet,google,50/50,0.39795917,0.10884353741496598,0.6870748299319728
376,google,True,TIFGSM,alexnet,50/50,resnet,google,20/80,0.030508474,0.006896551724137931,0.05333333333333334
377,google,True,TIFGSM,alexnet,50/50,resnet,google,30/70,0.04682274,0.013422818791946308,0.08
378,google,True,TIFGSM,alexnet,50/50,resnet,google,40/60,0.043771043,0.0,0.08783783783783784
379,google,True,TIFGSM,alexnet,50/50,resnet,google,50/50,0.047457628,0.0,0.0958904109589041
380,google,True,TIFGSM,alexnet,50/50,vgg,google,20/80,0.037037037,0.034013605442176874,0.04
381,google,True,TIFGSM,alexnet,50/50,vgg,google,30/70,0.056856185,0.013422818791946308,0.1
382,google,True,TIFGSM,alexnet,50/50,vgg,google,40/60,0.05050505,0.013422818791946308,0.08783783783783784
383,google,True,TIFGSM,alexnet,50/50,vgg,google,50/50,0.06397306,0.0,0.12837837837837837
384,google,True,TIFGSM,resnet,20/80,alexnet,bing,20/80,0.033333335,0.05333333333333334,0.013333333333333334
385,google,True,TIFGSM,resnet,20/80,alexnet,bing,30/70,0.033333335,0.03333333333333333,0.03333333333333333
386,google,True,TIFGSM,resnet,20/80,alexnet,bing,40/60,0.053333335,0.013333333333333334,0.09333333333333334
387,google,True,TIFGSM,resnet,20/80,alexnet,bing,50/50,0.083333336,0.0,0.16666666666666666
388,google,True,TIFGSM,resnet,20/80,resnet,bing,20/80,0.43666667,0.32,0.5533333333333333
389,google,True,TIFGSM,resnet,20/80,resnet,bing,30/70,0.43666667,0.31333333333333335,0.56
390,google,True,TIFGSM,resnet,20/80,resnet,bing,40/60,0.42666668,0.16666666666666666,0.6866666666666666
391,google,True,TIFGSM,resnet,20/80,resnet,bing,50/50,0.42333335,0.10666666666666667,0.74
392,google,True,TIFGSM,resnet,20/80,vgg,bing,20/80,0.10333334,0.08666666666666667,0.12
393,google,True,TIFGSM,resnet,20/80,vgg,bing,30/70,0.11333334,0.09333333333333334,0.13333333333333333
394,google,True,TIFGSM,resnet,20/80,vgg,bing,40/60,0.13000001,0.04,0.22
395,google,True,TIFGSM,resnet,20/80,vgg,bing,50/50,0.21000001,0.02666666666666667,0.3933333333333333
396,google,True,TIFGSM,resnet,20/80,alexnet,google,20/80,0.027303753,0.006944444444444444,0.04697986577181208
397,google,True,TIFGSM,resnet,20/80,alexnet,google,30/70,0.040540542,0.0,0.08
398,google,True,TIFGSM,resnet,20/80,alexnet,google,40/60,0.050847456,0.006802721088435374,0.0945945945945946
399,google,True,TIFGSM,resnet,20/80,alexnet,google,50/50,0.054421768,0.0,0.10884353741496598
400,google,True,TIFGSM,resnet,20/80,resnet,google,20/80,0.45762712,0.21379310344827587,0.6933333333333334
401,google,True,TIFGSM,resnet,20/80,resnet,google,30/70,0.2909699,0.1476510067114094,0.43333333333333335
402,google,True,TIFGSM,resnet,20/80,resnet,google,40/60,0.44107744,0.1610738255033557,0.722972972972973
403,google,True,TIFGSM,resnet,20/80,resnet,google,50/50,0.4033898,0.09395973154362416,0.7191780821917808
404,google,True,TIFGSM,resnet,20/80,vgg,google,20/80,0.09427609,0.06802721088435375,0.12
405,google,True,TIFGSM,resnet,20/80,vgg,google,30/70,0.1270903,0.013422818791946308,0.24
406,google,True,TIFGSM,resnet,20/80,vgg,google,40/60,0.11447811,0.013422818791946308,0.21621621621621623
407,google,True,TIFGSM,resnet,20/80,vgg,google,50/50,0.15151514,0.013422818791946308,0.2905405405405405
408,google,True,TIFGSM,resnet,30/70,alexnet,bing,20/80,0.046666667,0.05333333333333334,0.04
409,google,True,TIFGSM,resnet,30/70,alexnet,bing,30/70,0.043333333,0.03333333333333333,0.05333333333333334
410,google,True,TIFGSM,resnet,30/70,alexnet,bing,40/60,0.060000002,0.013333333333333334,0.10666666666666667
411,google,True,TIFGSM,resnet,30/70,alexnet,bing,50/50,0.10333334,0.0,0.20666666666666667
412,google,True,TIFGSM,resnet,30/70,resnet,bing,20/80,0.35666668,0.24666666666666667,0.4666666666666667
413,google,True,TIFGSM,resnet,30/70,resnet,bing,30/70,0.34,0.23333333333333334,0.44666666666666666
414,google,True,TIFGSM,resnet,30/70,resnet,bing,40/60,0.39666668,0.15333333333333332,0.64
415,google,True,TIFGSM,resnet,30/70,resnet,bing,50/50,0.41333336,0.1,0.7266666666666667
416,google,True,TIFGSM,resnet,30/70,vgg,bing,20/80,0.11,0.1,0.12
417,google,True,TIFGSM,resnet,30/70,vgg,bing,30/70,0.13000001,0.10666666666666667,0.15333333333333332
418,google,True,TIFGSM,resnet,30/70,vgg,bing,40/60,0.15333334,0.04666666666666667,0.26
419,google,True,TIFGSM,resnet,30/70,vgg,bing,50/50,0.23,0.02666666666666667,0.43333333333333335
420,google,True,TIFGSM,resnet,30/70,alexnet,google,20/80,0.027303753,0.013888888888888888,0.040268456375838924
