,source_dataset,isMath,attack,source_model,source_balancing,target_model,target_dataset,target_balancing,asr,asr_0,asr_1
0,bing,True,RFGSM,alexnet,20/80,alexnet,bing,20/80,0.15972222,0.2608695652173913,0.06666666666666667
1,bing,True,RFGSM,alexnet,20/80,alexnet,bing,30/70,0.10273972,0.1619718309859155,0.04666666666666667
2,bing,True,RFGSM,alexnet,20/80,alexnet,bing,40/60,0.11564626,0.15172413793103448,0.08053691275167785
3,bing,True,RFGSM,alexnet,20/80,alexnet,bing,50/50,0.1118644,0.0958904109589041,0.12751677852348994
4,bing,True,RFGSM,alexnet,20/80,resnet,bing,20/80,0.027303753,0.055944055944055944,0.0
5,bing,True,RFGSM,alexnet,20/80,resnet,bing,30/70,0.040816326,0.08333333333333333,0.0
6,bing,True,RFGSM,alexnet,20/80,resnet,bing,40/60,0.013559322,0.020689655172413793,0.006666666666666667
7,bing,True,RFGSM,alexnet,20/80,resnet,bing,50/50,0.006756757,0.00684931506849315,0.006666666666666667
8,bing,True,RFGSM,alexnet,20/80,vgg,bing,20/80,0.027118644,0.05517241379310345,0.0
9,bing,True,RFGSM,alexnet,20/80,vgg,bing,30/70,0.017006803,0.034722222222222224,0.0
10,bing,True,RFGSM,alexnet,20/80,vgg,bing,40/60,0.010169491,0.020689655172413793,0.0
11,bing,True,RFGSM,alexnet,20/80,vgg,bing,50/50,0.0,0.0,0.0
12,bing,True,RFGSM,alexnet,20/80,alexnet,google,20/80,0.15333334,0.28,0.02666666666666667
13,bing,True,RFGSM,alexnet,20/80,alexnet,google,30/70,0.120000005,0.22,0.02
14,bing,True,RFGSM,alexnet,20/80,alexnet,google,40/60,0.1,0.15333333333333332,0.04666666666666667
15,bing,True,RFGSM,alexnet,20/80,alexnet,google,50/50,0.120000005,0.14666666666666667,0.09333333333333334
16,bing,True,RFGSM,alexnet,20/80,resnet,google,20/80,0.07,0.14,0.0
17,bing,True,RFGSM,alexnet,20/80,resnet,google,30/70,0.04,0.08,0.0
18,bing,True,RFGSM,alexnet,20/80,resnet,google,40/60,0.026666667,0.04666666666666667,0.006666666666666667
19,bing,True,RFGSM,alexnet,20/80,resnet,google,50/50,0.02,0.03333333333333333,0.006666666666666667
20,bing,True,RFGSM,alexnet,20/80,vgg,google,20/80,0.060000002,0.12,0.0
21,bing,True,RFGSM,alexnet,20/80,vgg,google,30/70,0.026666667,0.05333333333333334,0.0
22,bing,True,RFGSM,alexnet,20/80,vgg,google,40/60,0.023333333,0.04666666666666667,0.0
23,bing,True,RFGSM,alexnet,20/80,vgg,google,50/50,0.016666668,0.03333333333333333,0.0
24,bing,True,RFGSM,alexnet,30/70,alexnet,bing,20/80,0.13541667,0.2246376811594203,0.05333333333333334
25,bing,True,RFGSM,alexnet,30/70,alexnet,bing,30/70,0.11643836,0.176056338028169,0.06
26,bing,True,RFGSM,alexnet,30/70,alexnet,bing,40/60,0.14285713,0.15862068965517243,0.12751677852348994
27,bing,True,RFGSM,alexnet,30/70,alexnet,bing,50/50,0.12542373,0.0958904109589041,0.15436241610738255
28,bing,True,RFGSM,alexnet,30/70,resnet,bing,20/80,0.03754266,0.07692307692307693,0.0
29,bing,True,RFGSM,alexnet,30/70,resnet,bing,30/70,0.037414964,0.0763888888888889,0.0
30,bing,True,RFGSM,alexnet,30/70,resnet,bing,40/60,0.013559322,0.020689655172413793,0.006666666666666667
31,bing,True,RFGSM,alexnet,30/70,resnet,bing,50/50,0.006756757,0.00684931506849315,0.006666666666666667
32,bing,True,RFGSM,alexnet,30/70,vgg,bing,20/80,0.023728814,0.04827586206896552,0.0
33,bing,True,RFGSM,alexnet,30/70,vgg,bing,30/70,0.027210884,0.04861111111111111,0.006666666666666667
34,bing,True,RFGSM,alexnet,30/70,vgg,bing,40/60,0.010169491,0.020689655172413793,0.0
35,bing,True,RFGSM,alexnet,30/70,vgg,bing,50/50,0.0033898305,0.006896551724137931,0.0
36,bing,True,RFGSM,alexnet,30/70,alexnet,google,20/80,0.15333334,0.2866666666666667,0.02
37,bing,True,RFGSM,alexnet,30/70,alexnet,google,30/70,0.11666667,0.21333333333333335,0.02
38,bing,True,RFGSM,alexnet,30/70,alexnet,google,40/60,0.120000005,0.17333333333333334,0.06666666666666667
39,bing,True,RFGSM,alexnet,30/70,alexnet,google,50/50,0.13000001,0.15333333333333332,0.10666666666666667
40,bing,True,RFGSM,alexnet,30/70,resnet,google,20/80,0.06333333,0.12666666666666668,0.0
41,bing,True,RFGSM,alexnet,30/70,resnet,google,30/70,0.04,0.07333333333333333,0.006666666666666667
42,bing,True,RFGSM,alexnet,30/70,resnet,google,40/60,0.033333335,0.06,0.006666666666666667
43,bing,True,RFGSM,alexnet,30/70,resnet,google,50/50,0.016666668,0.02666666666666667,0.006666666666666667
44,bing,True,RFGSM,alexnet,30/70,vgg,google,20/80,0.060000002,0.12,0.0
45,bing,True,RFGSM,alexnet,30/70,vgg,google,30/70,0.033333335,0.06666666666666667,0.0
46,bing,True,RFGSM,alexnet,30/70,vgg,google,40/60,0.023333333,0.04666666666666667,0.0
47,bing,True,RFGSM,alexnet,30/70,vgg,google,50/50,0.016666668,0.03333333333333333,0.0
48,bing,True,RFGSM,alexnet,40/60,alexnet,bing,20/80,0.15625,0.2391304347826087,0.08
49,bing,True,RFGSM,alexnet,40/60,alexnet,bing,30/70,0.12328767,0.176056338028169,0.07333333333333333
50,bing,True,RFGSM,alexnet,40/60,alexnet,bing,40/60,0.15986395,0.15862068965517243,0.1610738255033557
51,bing,True,RFGSM,alexnet,40/60,alexnet,bing,50/50,0.17966102,0.1232876712328767,0.2348993288590604
52,bing,True,RFGSM,alexnet,40/60,resnet,bing,20/80,0.03754266,0.07692307692307693,0.0
53,bing,True,RFGSM,alexnet,40/60,resnet,bing,30/70,0.037414964,0.0763888888888889,0.0
54,bing,True,RFGSM,alexnet,40/60,resnet,bing,40/60,0.010169491,0.013793103448275862,0.006666666666666667
55,bing,True,RFGSM,alexnet,40/60,resnet,bing,50/50,0.006756757,0.00684931506849315,0.006666666666666667
56,bing,True,RFGSM,alexnet,40/60,vgg,bing,20/80,0.020338982,0.041379310344827586,0.0
57,bing,True,RFGSM,alexnet,40/60,vgg,bing,30/70,0.023809522,0.04861111111111111,0.0
58,bing,True,RFGSM,alexnet,40/60,vgg,bing,40/60,0.010169491,0.020689655172413793,0.0
59,bing,True,RFGSM,alexnet,40/60,vgg,bing,50/50,0.006779661,0.006896551724137931,0.006666666666666667
60,bing,True,RFGSM,alexnet,40/60,alexnet,google,20/80,0.17,0.3,0.04
61,bing,True,RFGSM,alexnet,40/60,alexnet,google,30/70,0.13666667,0.23333333333333334,0.04
62,bing,True,RFGSM,alexnet,40/60,alexnet,google,40/60,0.14666668,0.18666666666666668,0.10666666666666667
63,bing,True,RFGSM,alexnet,40/60,alexnet,google,50/50,0.16,0.18,0.14
64,bing,True,RFGSM,alexnet,40/60,resnet,google,20/80,0.07,0.13333333333333333,0.006666666666666667
65,bing,True,RFGSM,alexnet,40/60,resnet,google,30/70,0.046666667,0.08,0.013333333333333334
66,bing,True,RFGSM,alexnet,40/60,resnet,google,40/60,0.030000001,0.05333333333333334,0.006666666666666667
67,bing,True,RFGSM,alexnet,40/60,resnet,google,50/50,0.02,0.02666666666666667,0.013333333333333334
68,bing,True,RFGSM,alexnet,40/60,vgg,google,20/80,0.07,0.14,0.0
69,bing,True,RFGSM,alexnet,40/60,vgg,google,30/70,0.026666667,0.05333333333333334,0.0
70,bing,True,RFGSM,alexnet,40/60,vgg,google,40/60,0.023333333,0.04666666666666667,0.0
71,bing,True,RFGSM,alexnet,40/60,vgg,google,50/50,0.02,0.04,0.0
72,bing,True,RFGSM,alexnet,50/50,alexnet,bing,20/80,0.13194445,0.2246376811594203,0.04666666666666667
73,bing,True,RFGSM,alexnet,50/50,alexnet,bing,30/70,0.09931507,0.15492957746478872,0.04666666666666667
74,bing,True,RFGSM,alexnet,50/50,alexnet,bing,40/60,0.13945578,0.15862068965517243,0.12080536912751678
75,bing,True,RFGSM,alexnet,50/50,alexnet,bing,50/50,0.16949153,0.136986301369863,0.20134228187919462
76,bing,True,RFGSM,alexnet,50/50,resnet,bing,20/80,0.04095563,0.08391608391608392,0.0
77,bing,True,RFGSM,alexnet,50/50,resnet,bing,30/70,0.037414964,0.0763888888888889,0.0
78,bing,True,RFGSM,alexnet,50/50,resnet,bing,40/60,0.010169491,0.013793103448275862,0.006666666666666667
79,bing,True,RFGSM,alexnet,50/50,resnet,bing,50/50,0.006756757,0.00684931506849315,0.006666666666666667
80,bing,True,RFGSM,alexnet,50/50,vgg,bing,20/80,0.030508474,0.06206896551724138,0.0
81,bing,True,RFGSM,alexnet,50/50,vgg,bing,30/70,0.037414964,0.0763888888888889,0.0
82,bing,True,RFGSM,alexnet,50/50,vgg,bing,40/60,0.006779661,0.013793103448275862,0.0
83,bing,True,RFGSM,alexnet,50/50,vgg,bing,50/50,0.0,0.0,0.0
84,bing,True,RFGSM,alexnet,50/50,alexnet,google,20/80,0.16,0.29333333333333333,0.02666666666666667
85,bing,True,RFGSM,alexnet,50/50,alexnet,google,30/70,0.123333335,0.23333333333333334,0.013333333333333334
86,bing,True,RFGSM,alexnet,50/50,alexnet,google,40/60,0.11666667,0.16666666666666666,0.06666666666666667
87,bing,True,RFGSM,alexnet,50/50,alexnet,google,50/50,0.14,0.16,0.12
88,bing,True,RFGSM,alexnet,50/50,resnet,google,20/80,0.06666667,0.13333333333333333,0.0
89,bing,True,RFGSM,alexnet,50/50,resnet,google,30/70,0.05666667,0.1,0.013333333333333334
90,bing,True,RFGSM,alexnet,50/50,resnet,google,40/60,0.033333335,0.06,0.006666666666666667
91,bing,True,RFGSM,alexnet,50/50,resnet,google,50/50,0.026666667,0.04,0.013333333333333334
92,bing,True,RFGSM,alexnet,50/50,vgg,google,20/80,0.06666667,0.13333333333333333,0.0
93,bing,True,RFGSM,alexnet,50/50,vgg,google,30/70,0.026666667,0.05333333333333334,0.0
94,bing,True,RFGSM,alexnet,50/50,vgg,google,40/60,0.023333333,0.04666666666666667,0.0
95,bing,True,RFGSM,alexnet,50/50,vgg,google,50/50,0.02,0.04,0.0
96,bing,True,RFGSM,resnet,20/80,alexnet,bing,20/80,0.017361112,0.036231884057971016,0.0
97,bing,True,RFGSM,resnet,20/80,alexnet,bing,30/70,0.006849315,0.007042253521126761,0.006666666666666667
98,bing,True,RFGSM,resnet,20/80,alexnet,bing,40/60,0.006802721,0.013793103448275862,0.0
99,bing,True,RFGSM,resnet,20/80,alexnet,bing,50/50,0.0033898305,0.00684931506849315,0.0
100,bing,True,RFGSM,resnet,20/80,resnet,bing,20/80,0.14675768,0.2727272727272727,0.02666666666666667
101,bing,True,RFGSM,resnet,20/80,resnet,bing,30/70,0.14285713,0.2708333333333333,0.02
102,bing,True,RFGSM,resnet,20/80,resnet,bing,40/60,0.07457627,0.10344827586206896,0.04666666666666667
103,bing,True,RFGSM,resnet,20/80,resnet,bing,50/50,0.06756757,0.0547945205479452,0.08
104,bing,True,RFGSM,resnet,20/80,vgg,bing,20/80,0.040677965,0.08275862068965517,0.0
105,bing,True,RFGSM,resnet,20/80,vgg,bing,30/70,0.051020406,0.09722222222222222,0.006666666666666667
106,bing,True,RFGSM,resnet,20/80,vgg,bing,40/60,0.016949153,0.020689655172413793,0.013333333333333334
107,bing,True,RFGSM,resnet,20/80,vgg,bing,50/50,0.016949153,0.013793103448275862,0.02
108,bing,True,RFGSM,resnet,20/80,alexnet,google,20/80,0.046666667,0.09333333333333334,0.0
109,bing,True,RFGSM,resnet,20/80,alexnet,google,30/70,0.04,0.08,0.0
110,bing,True,RFGSM,resnet,20/80,alexnet,google,40/60,0.026666667,0.05333333333333334,0.0
111,bing,True,RFGSM,resnet,20/80,alexnet,google,50/50,0.023333333,0.04,0.006666666666666667
112,bing,True,RFGSM,resnet,20/80,resnet,google,20/80,0.15333334,0.2733333333333333,0.03333333333333333
113,bing,True,RFGSM,resnet,20/80,resnet,google,30/70,0.086666666,0.16,0.013333333333333334
114,bing,True,RFGSM,resnet,20/80,resnet,google,40/60,0.10666667,0.14666666666666667,0.06666666666666667
115,bing,True,RFGSM,resnet,20/80,resnet,google,50/50,0.086666666,0.08666666666666667,0.08666666666666667
116,bing,True,RFGSM,resnet,20/80,vgg,google,20/80,0.086666666,0.16666666666666666,0.006666666666666667
117,bing,True,RFGSM,resnet,20/80,vgg,google,30/70,0.04,0.07333333333333333,0.006666666666666667
118,bing,True,RFGSM,resnet,20/80,vgg,google,40/60,0.030000001,0.04666666666666667,0.013333333333333334
119,bing,True,RFGSM,resnet,20/80,vgg,google,50/50,0.026666667,0.04,0.013333333333333334
120,bing,True,RFGSM,resnet,30/70,alexnet,bing,20/80,0.013888889,0.028985507246376812,0.0
121,bing,True,RFGSM,resnet,30/70,alexnet,bing,30/70,0.0102739725,0.014084507042253521,0.006666666666666667
122,bing,True,RFGSM,resnet,30/70,alexnet,bing,40/60,0.010204081,0.020689655172413793,0.0
123,bing,True,RFGSM,resnet,30/70,alexnet,bing,50/50,0.0033898305,0.00684931506849315,0.0
124,bing,True,RFGSM,resnet,30/70,resnet,bing,20/80,0.15358362,0.26573426573426573,0.04666666666666667
125,bing,True,RFGSM,resnet,30/70,resnet,bing,30/70,0.15986395,0.2708333333333333,0.05333333333333334
126,bing,True,RFGSM,resnet,30/70,resnet,bing,40/60,0.10169491,0.13793103448275862,0.06666666666666667
127,bing,True,RFGSM,resnet,30/70,resnet,bing,50/50,0.081081085,0.0547945205479452,0.10666666666666667
128,bing,True,RFGSM,resnet,30/70,vgg,bing,20/80,0.044067796,0.0896551724137931,0.0
129,bing,True,RFGSM,resnet,30/70,vgg,bing,30/70,0.08163265,0.1527777777777778,0.013333333333333334
130,bing,True,RFGSM,resnet,30/70,vgg,bing,40/60,0.016949153,0.027586206896551724,0.006666666666666667
131,bing,True,RFGSM,resnet,30/70,vgg,bing,50/50,0.027118644,0.013793103448275862,0.04
132,bing,True,RFGSM,resnet,30/70,alexnet,google,20/80,0.04,0.08,0.0
133,bing,True,RFGSM,resnet,30/70,alexnet,google,30/70,0.03666667,0.07333333333333333,0.0
134,bing,True,RFGSM,resnet,30/70,alexnet,google,40/60,0.030000001,0.06,0.0
135,bing,True,RFGSM,resnet,30/70,alexnet,google,50/50,0.02,0.03333333333333333,0.006666666666666667
136,bing,True,RFGSM,resnet,30/70,resnet,google,20/80,0.17,0.2866666666666667,0.05333333333333334
137,bing,True,RFGSM,resnet,30/70,resnet,google,30/70,0.09666667,0.17333333333333334,0.02
138,bing,True,RFGSM,resnet,30/70,resnet,google,40/60,0.123333335,0.16,0.08666666666666667
139,bing,True,RFGSM,resnet,30/70,resnet,google,50/50,0.10666667,0.08666666666666667,0.12666666666666668
140,bing,True,RFGSM,resnet,30/70,vgg,google,20/80,0.09666667,0.18,0.013333333333333334
141,bing,True,RFGSM,resnet,30/70,vgg,google,30/70,0.046666667,0.07333333333333333,0.02
142,bing,True,RFGSM,resnet,30/70,vgg,google,40/60,0.03666667,0.06,0.013333333333333334
143,bing,True,RFGSM,resnet,30/70,vgg,google,50/50,0.030000001,0.04,0.02
144,bing,True,RFGSM,resnet,40/60,alexnet,bing,20/80,0.017361112,0.036231884057971016,0.0
145,bing,True,RFGSM,resnet,40/60,alexnet,bing,30/70,0.01369863,0.02112676056338028,0.006666666666666667
146,bing,True,RFGSM,resnet,40/60,alexnet,bing,40/60,0.013605442,0.027586206896551724,0.0
147,bing,True,RFGSM,resnet,40/60,alexnet,bing,50/50,0.0033898305,0.00684931506849315,0.0
148,bing,True,RFGSM,resnet,40/60,resnet,bing,20/80,0.16040955,0.2867132867132867,0.04
149,bing,True,RFGSM,resnet,40/60,resnet,bing,30/70,0.14285713,0.2638888888888889,0.02666666666666667
150,bing,True,RFGSM,resnet,40/60,resnet,bing,40/60,0.12881356,0.1793103448275862,0.08
151,bing,True,RFGSM,resnet,40/60,resnet,bing,50/50,0.104729734,0.1232876712328767,0.08666666666666667
152,bing,True,RFGSM,resnet,40/60,vgg,bing,20/80,0.06440678,0.1310344827586207,0.0
153,bing,True,RFGSM,resnet,40/60,vgg,bing,30/70,0.08163265,0.1597222222222222,0.006666666666666667
154,bing,True,RFGSM,resnet,40/60,vgg,bing,40/60,0.013559322,0.027586206896551724,0.0
155,bing,True,RFGSM,resnet,40/60,vgg,bing,50/50,0.027118644,0.020689655172413793,0.03333333333333333
156,bing,True,RFGSM,resnet,40/60,alexnet,google,20/80,0.046666667,0.09333333333333334,0.0
157,bing,True,RFGSM,resnet,40/60,alexnet,google,30/70,0.046666667,0.09333333333333334,0.0
158,bing,True,RFGSM,resnet,40/60,alexnet,google,40/60,0.03666667,0.07333333333333333,0.0
159,bing,True,RFGSM,resnet,40/60,alexnet,google,50/50,0.023333333,0.04,0.006666666666666667
160,bing,True,RFGSM,resnet,40/60,resnet,google,20/80,0.16333334,0.3,0.02666666666666667
161,bing,True,RFGSM,resnet,40/60,resnet,google,30/70,0.12666667,0.22,0.03333333333333333
162,bing,True,RFGSM,resnet,40/60,resnet,google,40/60,0.13000001,0.18,0.08
163,bing,True,RFGSM,resnet,40/60,resnet,google,50/50,0.11,0.12666666666666668,0.09333333333333334
164,bing,True,RFGSM,resnet,40/60,vgg,google,20/80,0.09666667,0.18666666666666668,0.006666666666666667
165,bing,True,RFGSM,resnet,40/60,vgg,google,30/70,0.053333335,0.1,0.006666666666666667
166,bing,True,RFGSM,resnet,40/60,vgg,google,40/60,0.04,0.07333333333333333,0.006666666666666667
167,bing,True,RFGSM,resnet,40/60,vgg,google,50/50,0.030000001,0.04,0.02
168,bing,True,RFGSM,resnet,50/50,alexnet,bing,20/80,0.017361112,0.036231884057971016,0.0
169,bing,True,RFGSM,resnet,50/50,alexnet,bing,30/70,0.017123288,0.028169014084507043,0.006666666666666667
170,bing,True,RFGSM,resnet,50/50,alexnet,bing,40/60,0.013605442,0.020689655172413793,0.006711409395973154
171,bing,True,RFGSM,resnet,50/50,alexnet,bing,50/50,0.006779661,0.00684931506849315,0.006711409395973154
172,bing,True,RFGSM,resnet,50/50,resnet,bing,20/80,0.15699658,0.3076923076923077,0.013333333333333334
173,bing,True,RFGSM,resnet,50/50,resnet,bing,30/70,0.1462585,0.2847222222222222,0.013333333333333334
174,bing,True,RFGSM,resnet,50/50,resnet,bing,40/60,0.122033894,0.21379310344827587,0.03333333333333333
175,bing,True,RFGSM,resnet,50/50,resnet,bing,50/50,0.0945946,0.1232876712328767,0.06666666666666667
176,bing,True,RFGSM,resnet,50/50,vgg,bing,20/80,0.061016947,0.12413793103448276,0.0
177,bing,True,RFGSM,resnet,50/50,vgg,bing,30/70,0.088435374,0.18055555555555555,0.0
178,bing,True,RFGSM,resnet,50/50,vgg,bing,40/60,0.023728814,0.04827586206896552,0.0
179,bing,True,RFGSM,resnet,50/50,vgg,bing,50/50,0.020338982,0.027586206896551724,0.013333333333333334
180,bing,True,RFGSM,resnet,50/50,alexnet,google,20/80,0.046666667,0.09333333333333334,0.0
181,bing,True,RFGSM,resnet,50/50,alexnet,google,30/70,0.046666667,0.09333333333333334,0.0
182,bing,True,RFGSM,resnet,50/50,alexnet,google,40/60,0.030000001,0.06,0.0
183,bing,True,RFGSM,resnet,50/50,alexnet,google,50/50,0.02,0.03333333333333333,0.006666666666666667
184,bing,True,RFGSM,resnet,50/50,resnet,google,20/80,0.15,0.28,0.02
185,bing,True,RFGSM,resnet,50/50,resnet,google,30/70,0.123333335,0.22666666666666666,0.02
186,bing,True,RFGSM,resnet,50/50,resnet,google,40/60,0.123333335,0.19333333333333333,0.05333333333333334
187,bing,True,RFGSM,resnet,50/50,resnet,google,50/50,0.1,0.12666666666666668,0.07333333333333333
188,bing,True,RFGSM,resnet,50/50,vgg,google,20/80,0.10333334,0.20666666666666667,0.0
189,bing,True,RFGSM,resnet,50/50,vgg,google,30/70,0.05666667,0.11333333333333333,0.0
190,bing,True,RFGSM,resnet,50/50,vgg,google,40/60,0.05,0.1,0.0
191,bing,True,RFGSM,resnet,50/50,vgg,google,50/50,0.033333335,0.06,0.006666666666666667
192,bing,True,RFGSM,vgg,20/80,alexnet,bing,20/80,0.017361112,0.036231884057971016,0.0
193,bing,True,RFGSM,vgg,20/80,alexnet,bing,30/70,0.01369863,0.02112676056338028,0.006666666666666667
194,bing,True,RFGSM,vgg,20/80,alexnet,bing,40/60,0.0034013605,0.006896551724137931,0.0
195,bing,True,RFGSM,vgg,20/80,alexnet,bing,50/50,0.006779661,0.00684931506849315,0.006711409395973154
196,bing,True,RFGSM,vgg,20/80,resnet,bing,20/80,0.027303753,0.055944055944055944,0.0
197,bing,True,RFGSM,vgg,20/80,resnet,bing,30/70,0.020408163,0.041666666666666664,0.0
198,bing,True,RFGSM,vgg,20/80,resnet,bing,40/60,0.006779661,0.013793103448275862,0.0
199,bing,True,RFGSM,vgg,20/80,resnet,bing,50/50,0.0033783785,0.0,0.006666666666666667
200,bing,True,RFGSM,vgg,20/80,vgg,bing,20/80,0.18305084,0.2896551724137931,0.08
201,bing,True,RFGSM,vgg,20/80,vgg,bing,30/70,0.1972789,0.2847222222222222,0.11333333333333333
202,bing,True,RFGSM,vgg,20/80,vgg,bing,40/60,0.10508475,0.1310344827586207,0.08
203,bing,True,RFGSM,vgg,20/80,vgg,bing,50/50,0.12881356,0.06896551724137931,0.18666666666666668
204,bing,True,RFGSM,vgg,20/80,alexnet,google,20/80,0.04,0.08,0.0
205,bing,True,RFGSM,vgg,20/80,alexnet,google,30/70,0.03666667,0.07333333333333333,0.0
206,bing,True,RFGSM,vgg,20/80,alexnet,google,40/60,0.030000001,0.05333333333333334,0.006666666666666667
207,bing,True,RFGSM,vgg,20/80,alexnet,google,50/50,0.02,0.03333333333333333,0.006666666666666667
208,bing,True,RFGSM,vgg,20/80,resnet,google,20/80,0.053333335,0.10666666666666667,0.0
209,bing,True,RFGSM,vgg,20/80,resnet,google,30/70,0.023333333,0.04666666666666667,0.0
210,bing,True,RFGSM,vgg,20/80,resnet,google,40/60,0.023333333,0.04,0.006666666666666667
211,bing,True,RFGSM,vgg,20/80,resnet,google,50/50,0.02,0.02666666666666667,0.013333333333333334
212,bing,True,RFGSM,vgg,20/80,vgg,google,20/80,0.19,0.30666666666666664,0.07333333333333333
213,bing,True,RFGSM,vgg,20/80,vgg,google,30/70,0.13333334,0.18666666666666668,0.08
214,bing,True,RFGSM,vgg,20/80,vgg,google,40/60,0.11,0.13333333333333333,0.08666666666666667
215,bing,True,RFGSM,vgg,20/80,vgg,google,50/50,0.10333334,0.07333333333333333,0.13333333333333333
216,bing,True,RFGSM,vgg,30/70,alexnet,bing,20/80,0.017361112,0.036231884057971016,0.0
217,bing,True,RFGSM,vgg,30/70,alexnet,bing,30/70,0.0102739725,0.014084507042253521,0.006666666666666667
218,bing,True,RFGSM,vgg,30/70,alexnet,bing,40/60,0.0034013605,0.006896551724137931,0.0
219,bing,True,RFGSM,vgg,30/70,alexnet,bing,50/50,0.0033898305,0.00684931506849315,0.0
220,bing,True,RFGSM,vgg,30/70,resnet,bing,20/80,0.027303753,0.055944055944055944,0.0
221,bing,True,RFGSM,vgg,30/70,resnet,bing,30/70,0.013605442,0.027777777777777776,0.0
222,bing,True,RFGSM,vgg,30/70,resnet,bing,40/60,0.0033898305,0.006896551724137931,0.0
223,bing,True,RFGSM,vgg,30/70,resnet,bing,50/50,0.0033783785,0.0,0.006666666666666667
224,bing,True,RFGSM,vgg,30/70,vgg,bing,20/80,0.15254237,0.2413793103448276,0.06666666666666667
225,bing,True,RFGSM,vgg,30/70,vgg,bing,30/70,0.1802721,0.2708333333333333,0.09333333333333334
226,bing,True,RFGSM,vgg,30/70,vgg,bing,40/60,0.08813559,0.10344827586206896,0.07333333333333333
227,bing,True,RFGSM,vgg,30/70,vgg,bing,50/50,0.11525424,0.041379310344827586,0.18666666666666668
228,bing,True,RFGSM,vgg,30/70,alexnet,google,20/80,0.046666667,0.09333333333333334,0.0
229,bing,True,RFGSM,vgg,30/70,alexnet,google,30/70,0.04,0.08,0.0
230,bing,True,RFGSM,vgg,30/70,alexnet,google,40/60,0.030000001,0.05333333333333334,0.006666666666666667
231,bing,True,RFGSM,vgg,30/70,alexnet,google,50/50,0.02,0.03333333333333333,0.006666666666666667
232,bing,True,RFGSM,vgg,30/70,resnet,google,20/80,0.05,0.1,0.0
233,bing,True,RFGSM,vgg,30/70,resnet,google,30/70,0.026666667,0.04666666666666667,0.006666666666666667
234,bing,True,RFGSM,vgg,30/70,resnet,google,40/60,0.02,0.03333333333333333,0.006666666666666667
235,bing,True,RFGSM,vgg,30/70,resnet,google,50/50,0.02,0.02666666666666667,0.013333333333333334
236,bing,True,RFGSM,vgg,30/70,vgg,google,20/80,0.19,0.30666666666666664,0.07333333333333333
237,bing,True,RFGSM,vgg,30/70,vgg,google,30/70,0.120000005,0.15333333333333332,0.08666666666666667
238,bing,True,RFGSM,vgg,30/70,vgg,google,40/60,0.09,0.10666666666666667,0.07333333333333333
239,bing,True,RFGSM,vgg,30/70,vgg,google,50/50,0.10333334,0.05333333333333334,0.15333333333333332
240,bing,True,RFGSM,vgg,40/60,alexnet,bing,20/80,0.010416667,0.021739130434782608,0.0
241,bing,True,RFGSM,vgg,40/60,alexnet,bing,30/70,0.006849315,0.007042253521126761,0.006666666666666667
242,bing,True,RFGSM,vgg,40/60,alexnet,bing,40/60,0.006802721,0.013793103448275862,0.0
243,bing,True,RFGSM,vgg,40/60,alexnet,bing,50/50,0.0033898305,0.00684931506849315,0.0
244,bing,True,RFGSM,vgg,40/60,resnet,bing,20/80,0.027303753,0.055944055944055944,0.0
245,bing,True,RFGSM,vgg,40/60,resnet,bing,30/70,0.020408163,0.041666666666666664,0.0
246,bing,True,RFGSM,vgg,40/60,resnet,bing,40/60,0.0033898305,0.006896551724137931,0.0
247,bing,True,RFGSM,vgg,40/60,resnet,bing,50/50,0.0,0.0,0.0
248,bing,True,RFGSM,vgg,40/60,vgg,bing,20/80,0.14237288,0.2620689655172414,0.02666666666666667
249,bing,True,RFGSM,vgg,40/60,vgg,bing,30/70,0.1632653,0.2777777777777778,0.05333333333333334
250,bing,True,RFGSM,vgg,40/60,vgg,bing,40/60,0.11525424,0.1724137931034483,0.06
251,bing,True,RFGSM,vgg,40/60,vgg,bing,50/50,0.11525424,0.07586206896551724,0.15333333333333332
252,bing,True,RFGSM,vgg,40/60,alexnet,google,20/80,0.046666667,0.09333333333333334,0.0
253,bing,True,RFGSM,vgg,40/60,alexnet,google,30/70,0.03666667,0.07333333333333333,0.0
254,bing,True,RFGSM,vgg,40/60,alexnet,google,40/60,0.026666667,0.05333333333333334,0.0
255,bing,True,RFGSM,vgg,40/60,alexnet,google,50/50,0.023333333,0.04,0.006666666666666667
256,bing,True,RFGSM,vgg,40/60,resnet,google,20/80,0.053333335,0.10666666666666667,0.0
257,bing,True,RFGSM,vgg,40/60,resnet,google,30/70,0.023333333,0.04666666666666667,0.0
258,bing,True,RFGSM,vgg,40/60,resnet,google,40/60,0.016666668,0.03333333333333333,0.0
259,bing,True,RFGSM,vgg,40/60,resnet,google,50/50,0.02,0.02666666666666667,0.013333333333333334
260,bing,True,RFGSM,vgg,40/60,vgg,google,20/80,0.18,0.30666666666666664,0.05333333333333334
261,bing,True,RFGSM,vgg,40/60,vgg,google,30/70,0.14333333,0.22666666666666666,0.06
262,bing,True,RFGSM,vgg,40/60,vgg,google,40/60,0.10333334,0.15333333333333332,0.05333333333333334
263,bing,True,RFGSM,vgg,40/60,vgg,google,50/50,0.093333334,0.08,0.10666666666666667
264,bing,True,RFGSM,vgg,50/50,alexnet,bing,20/80,0.013888889,0.028985507246376812,0.0
265,bing,True,RFGSM,vgg,50/50,alexnet,bing,30/70,0.0102739725,0.014084507042253521,0.006666666666666667
266,bing,True,RFGSM,vgg,50/50,alexnet,bing,40/60,0.006802721,0.013793103448275862,0.0
267,bing,True,RFGSM,vgg,50/50,alexnet,bing,50/50,0.006779661,0.00684931506849315,0.006711409395973154
268,bing,True,RFGSM,vgg,50/50,resnet,bing,20/80,0.027303753,0.055944055944055944,0.0
269,bing,True,RFGSM,vgg,50/50,resnet,bing,30/70,0.020408163,0.041666666666666664,0.0
270,bing,True,RFGSM,vgg,50/50,resnet,bing,40/60,0.0033898305,0.006896551724137931,0.0
271,bing,True,RFGSM,vgg,50/50,resnet,bing,50/50,0.0033783785,0.0,0.006666666666666667
272,bing,True,RFGSM,vgg,50/50,vgg,bing,20/80,0.15254237,0.2827586206896552,0.02666666666666667
273,bing,True,RFGSM,vgg,50/50,vgg,bing,30/70,0.1802721,0.2916666666666667,0.07333333333333333
274,bing,True,RFGSM,vgg,50/50,vgg,bing,40/60,0.11525424,0.15172413793103448,0.08
275,bing,True,RFGSM,vgg,50/50,vgg,bing,50/50,0.1559322,0.09655172413793103,0.21333333333333335
276,bing,True,RFGSM,vgg,50/50,alexnet,google,20/80,0.043333333,0.08666666666666667,0.0
277,bing,True,RFGSM,vgg,50/50,alexnet,google,30/70,0.03666667,0.07333333333333333,0.0
278,bing,True,RFGSM,vgg,50/50,alexnet,google,40/60,0.03666667,0.06666666666666667,0.006666666666666667
279,bing,True,RFGSM,vgg,50/50,alexnet,google,50/50,0.023333333,0.04,0.006666666666666667
280,bing,True,RFGSM,vgg,50/50,resnet,google,20/80,0.053333335,0.10666666666666667,0.0
281,bing,True,RFGSM,vgg,50/50,resnet,google,30/70,0.033333335,0.06,0.006666666666666667
282,bing,True,RFGSM,vgg,50/50,resnet,google,40/60,0.023333333,0.03333333333333333,0.013333333333333334
283,bing,True,RFGSM,vgg,50/50,resnet,google,50/50,0.02,0.02666666666666667,0.013333333333333334
284,bing,True,RFGSM,vgg,50/50,vgg,google,20/80,0.18333334,0.32,0.04666666666666667
285,bing,True,RFGSM,vgg,50/50,vgg,google,30/70,0.15,0.22,0.08
286,bing,True,RFGSM,vgg,50/50,vgg,google,40/60,0.11,0.15333333333333332,0.06666666666666667
287,bing,True,RFGSM,vgg,50/50,vgg,google,50/50,0.11666667,0.09333333333333334,0.14
288,google,True,RFGSM,alexnet,20/80,alexnet,bing,20/80,0.05666667,0.08,0.03333333333333333
289,google,True,RFGSM,alexnet,20/80,alexnet,bing,30/70,0.06666667,0.07333333333333333,0.06
290,google,True,RFGSM,alexnet,20/80,alexnet,bing,40/60,0.09,0.05333333333333334,0.12666666666666668
291,google,True,RFGSM,alexnet,20/80,alexnet,bing,50/50,0.13666667,0.04666666666666667,0.22666666666666666
292,google,True,RFGSM,alexnet,20/80,resnet,bing,20/80,0.033333335,0.05333333333333334,0.013333333333333334
293,google,True,RFGSM,alexnet,20/80,resnet,bing,30/70,0.023333333,0.03333333333333333,0.013333333333333334
294,google,True,RFGSM,alexnet,20/80,resnet,bing,40/60,0.016666668,0.013333333333333334,0.02
295,google,True,RFGSM,alexnet,20/80,resnet,bing,50/50,0.023333333,0.013333333333333334,0.03333333333333333
296,google,True,RFGSM,alexnet,20/80,vgg,bing,20/80,0.02,0.04,0.0
297,google,True,RFGSM,alexnet,20/80,vgg,bing,30/70,0.030000001,0.04666666666666667,0.013333333333333334
298,google,True,RFGSM,alexnet,20/80,vgg,bing,40/60,0.02,0.013333333333333334,0.02666666666666667
299,google,True,RFGSM,alexnet,20/80,vgg,bing,50/50,0.02,0.006666666666666667,0.03333333333333333
300,google,True,RFGSM,alexnet,20/80,alexnet,google,20/80,0.051194537,0.0625,0.040268456375838924
301,google,True,RFGSM,alexnet,20/80,alexnet,google,30/70,0.07094595,0.0410958904109589,0.1
302,google,True,RFGSM,alexnet,20/80,alexnet,google,40/60,0.05762712,0.034013605442176874,0.08108108108108109
303,google,True,RFGSM,alexnet,20/80,alexnet,google,50/50,0.091836736,0.027210884353741496,0.1564625850340136
304,google,True,RFGSM,alexnet,20/80,resnet,google,20/80,0.010169491,0.0,0.02
305,google,True,RFGSM,alexnet,20/80,resnet,google,30/70,0.02341137,0.026845637583892617,0.02
306,google,True,RFGSM,alexnet,20/80,resnet,google,40/60,0.01010101,0.006711409395973154,0.013513513513513514
307,google,True,RFGSM,alexnet,20/80,resnet,google,50/50,0.016949153,0.0,0.03424657534246575
308,google,True,RFGSM,alexnet,20/80,vgg,google,20/80,0.016835017,0.027210884353741496,0.006666666666666667
309,google,True,RFGSM,alexnet,20/80,vgg,google,30/70,0.0100334445,0.006711409395973154,0.013333333333333334
310,google,True,RFGSM,alexnet,20/80,vgg,google,40/60,0.01010101,0.013422818791946308,0.006756756756756757
311,google,True,RFGSM,alexnet,20/80,vgg,google,50/50,0.026936026,0.0,0.05405405405405406
312,google,True,RFGSM,alexnet,30/70,alexnet,bing,20/80,0.07333334,0.11333333333333333,0.03333333333333333
313,google,True,RFGSM,alexnet,30/70,alexnet,bing,30/70,0.06333333,0.08,0.04666666666666667
314,google,True,RFGSM,alexnet,30/70,alexnet,bing,40/60,0.1,0.05333333333333334,0.14666666666666667
315,google,True,RFGSM,alexnet,30/70,alexnet,bing,50/50,0.14,0.04666666666666667,0.23333333333333334
316,google,True,RFGSM,alexnet,30/70,resnet,bing,20/80,0.033333335,0.05333333333333334,0.013333333333333334
317,google,True,RFGSM,alexnet,30/70,resnet,bing,30/70,0.026666667,0.04666666666666667,0.006666666666666667
318,google,True,RFGSM,alexnet,30/70,resnet,bing,40/60,0.026666667,0.02,0.03333333333333333
319,google,True,RFGSM,alexnet,30/70,resnet,bing,50/50,0.030000001,0.006666666666666667,0.05333333333333334
320,google,True,RFGSM,alexnet,30/70,vgg,bing,20/80,0.023333333,0.04666666666666667,0.0
321,google,True,RFGSM,alexnet,30/70,vgg,bing,30/70,0.026666667,0.04,0.013333333333333334
322,google,True,RFGSM,alexnet,30/70,vgg,bing,40/60,0.016666668,0.006666666666666667,0.02666666666666667
323,google,True,RFGSM,alexnet,30/70,vgg,bing,50/50,0.023333333,0.006666666666666667,0.04
324,google,True,RFGSM,alexnet,30/70,alexnet,google,20/80,0.058020476,0.08333333333333333,0.03355704697986577
325,google,True,RFGSM,alexnet,30/70,alexnet,google,30/70,0.08445946,0.06164383561643835,0.10666666666666667
326,google,True,RFGSM,alexnet,30/70,alexnet,google,40/60,0.0779661,0.047619047619047616,0.10810810810810811
327,google,True,RFGSM,alexnet,30/70,alexnet,google,50/50,0.108843535,0.034013605442176874,0.1836734693877551
328,google,True,RFGSM,alexnet,30/70,resnet,google,20/80,0.010169491,0.0,0.02
329,google,True,RFGSM,alexnet,30/70,resnet,google,30/70,0.02341137,0.020134228187919462,0.02666666666666667
330,google,True,RFGSM,alexnet,30/70,resnet,google,40/60,0.01010101,0.006711409395973154,0.013513513513513514
331,google,True,RFGSM,alexnet,30/70,resnet,google,50/50,0.016949153,0.0,0.03424657534246575
332,google,True,RFGSM,alexnet,30/70,vgg,google,20/80,0.013468013,0.013605442176870748,0.013333333333333334
333,google,True,RFGSM,alexnet,30/70,vgg,google,30/70,0.013377926,0.0,0.02666666666666667
334,google,True,RFGSM,alexnet,30/70,vgg,google,40/60,0.01010101,0.006711409395973154,0.013513513513513514
335,google,True,RFGSM,alexnet,30/70,vgg,google,50/50,0.026936026,0.0,0.05405405405405406
336,google,True,RFGSM,alexnet,40/60,alexnet,bing,20/80,0.07333334,0.10666666666666667,0.04
337,google,True,RFGSM,alexnet,40/60,alexnet,bing,30/70,0.07333334,0.08,0.06666666666666667
338,google,True,RFGSM,alexnet,40/60,alexnet,bing,40/60,0.120000005,0.06666666666666667,0.17333333333333334
339,google,True,RFGSM,alexnet,40/60,alexnet,bing,50/50,0.17666668,0.05333333333333334,0.3
340,google,True,RFGSM,alexnet,40/60,resnet,bing,20/80,0.033333335,0.06,0.006666666666666667
341,google,True,RFGSM,alexnet,40/60,resnet,bing,30/70,0.02,0.03333333333333333,0.006666666666666667
342,google,True,RFGSM,alexnet,40/60,resnet,bing,40/60,0.016666668,0.013333333333333334,0.02
343,google,True,RFGSM,alexnet,40/60,resnet,bing,50/50,0.033333335,0.006666666666666667,0.06
344,google,True,RFGSM,alexnet,40/60,vgg,bing,20/80,0.026666667,0.05333333333333334,0.0
345,google,True,RFGSM,alexnet,40/60,vgg,bing,30/70,0.026666667,0.04666666666666667,0.006666666666666667
346,google,True,RFGSM,alexnet,40/60,vgg,bing,40/60,0.023333333,0.02,0.02666666666666667
347,google,True,RFGSM,alexnet,40/60,vgg,bing,50/50,0.033333335,0.006666666666666667,0.06
348,google,True,RFGSM,alexnet,40/60,alexnet,google,20/80,0.061433446,0.08333333333333333,0.040268456375838924
349,google,True,RFGSM,alexnet,40/60,alexnet,google,30/70,0.08445946,0.0547945205479452,0.11333333333333333
350,google,True,RFGSM,alexnet,40/60,alexnet,google,40/60,0.09152542,0.047619047619047616,0.13513513513513514
351,google,True,RFGSM,alexnet,40/60,alexnet,google,50/50,0.11564626,0.047619047619047616,0.1836734693877551
352,google,True,RFGSM,alexnet,40/60,resnet,google,20/80,0.013559322,0.0,0.02666666666666667
353,google,True,RFGSM,alexnet,40/60,resnet,google,30/70,0.026755853,0.026845637583892617,0.02666666666666667
354,google,True,RFGSM,alexnet,40/60,resnet,google,40/60,0.016835017,0.013422818791946308,0.02027027027027027
355,google,True,RFGSM,alexnet,40/60,resnet,google,50/50,0.027118644,0.0,0.0547945205479452
356,google,True,RFGSM,alexnet,40/60,vgg,google,20/80,0.02020202,0.034013605442176874,0.006666666666666667
357,google,True,RFGSM,alexnet,40/60,vgg,google,30/70,0.0100334445,0.006711409395973154,0.013333333333333334
358,google,True,RFGSM,alexnet,40/60,vgg,google,40/60,0.0033670033,0.006711409395973154,0.0
359,google,True,RFGSM,alexnet,40/60,vgg,google,50/50,0.026936026,0.0,0.05405405405405406
360,google,True,RFGSM,alexnet,50/50,alexnet,bing,20/80,0.07666667,0.10666666666666667,0.04666666666666667
361,google,True,RFGSM,alexnet,50/50,alexnet,bing,30/70,0.083333336,0.08,0.08666666666666667
362,google,True,RFGSM,alexnet,50/50,alexnet,bing,40/60,0.14,0.06666666666666667,0.21333333333333335
363,google,True,RFGSM,alexnet,50/50,alexnet,bing,50/50,0.17333333,0.05333333333333334,0.29333333333333333
364,google,True,RFGSM,alexnet,50/50,resnet,bing,20/80,0.03666667,0.05333333333333334,0.02
365,google,True,RFGSM,alexnet,50/50,resnet,bing,30/70,0.030000001,0.04,0.02
366,google,True,RFGSM,alexnet,50/50,resnet,bing,40/60,0.030000001,0.02,0.04
367,google,True,RFGSM,alexnet,50/50,resnet,bing,50/50,0.04,0.013333333333333334,0.06666666666666667
368,google,True,RFGSM,alexnet,50/50,vgg,bing,20/80,0.023333333,0.04666666666666667,0.0
369,google,True,RFGSM,alexnet,50/50,vgg,bing,30/70,0.033333335,0.05333333333333334,0.013333333333333334
370,google,True,RFGSM,alexnet,50/50,vgg,bing,40/60,0.02,0.013333333333333334,0.02666666666666667
371,google,True,RFGSM,alexnet,50/50,vgg,bing,50/50,0.04,0.006666666666666667,0.07333333333333333
372,google,True,RFGSM,alexnet,50/50,alexnet,google,20/80,0.054607507,0.0763888888888889,0.03355704697986577
373,google,True,RFGSM,alexnet,50/50,alexnet,google,30/70,0.09121622,0.0547945205479452,0.12666666666666668
374,google,True,RFGSM,alexnet,50/50,alexnet,google,40/60,0.09152542,0.04081632653061224,0.14189189189189189
375,google,True,RFGSM,alexnet,50/50,alexnet,google,50/50,0.13265306,0.047619047619047616,0.21768707482993196
376,google,True,RFGSM,alexnet,50/50,resnet,google,20/80,0.013559322,0.0,0.02666666666666667
377,google,True,RFGSM,alexnet,50/50,resnet,google,30/70,0.02341137,0.020134228187919462,0.02666666666666667
378,google,True,RFGSM,alexnet,50/50,resnet,google,40/60,0.02020202,0.013422818791946308,0.02702702702702703
379,google,True,RFGSM,alexnet,50/50,resnet,google,50/50,0.023728814,0.0,0.04794520547945205
380,google,True,RFGSM,alexnet,50/50,vgg,google,20/80,0.02020202,0.027210884353741496,0.013333333333333334
381,google,True,RFGSM,alexnet,50/50,vgg,google,30/70,0.016722407,0.013422818791946308,0.02
382,google,True,RFGSM,alexnet,50/50,vgg,google,40/60,0.013468013,0.013422818791946308,0.013513513513513514
383,google,True,RFGSM,alexnet,50/50,vgg,google,50/50,0.033670034,0.0,0.06756756756756757
384,google,True,RFGSM,resnet,20/80,alexnet,bing,20/80,0.023333333,0.04666666666666667,0.0
385,google,True,RFGSM,resnet,20/80,alexnet,bing,30/70,0.016666668,0.03333333333333333,0.0
386,google,True,RFGSM,resnet,20/80,alexnet,bing,40/60,0.013333334,0.013333333333333334,0.013333333333333334
387,google,True,RFGSM,resnet,20/80,alexnet,bing,50/50,0.026666667,0.006666666666666667,0.04666666666666667
388,google,True,RFGSM,resnet,20/80,resnet,bing,20/80,0.10333334,0.12,0.08666666666666667
389,google,True,RFGSM,resnet,20/80,resnet,bing,30/70,0.10666667,0.12666666666666668,0.08666666666666667
390,google,True,RFGSM,resnet,20/80,resnet,bing,40/60,0.09666667,0.06,0.13333333333333333
391,google,True,RFGSM,resnet,20/80,resnet,bing,50/50,0.1,0.03333333333333333,0.16666666666666666
392,google,True,RFGSM,resnet,20/80,vgg,bing,20/80,0.04,0.07333333333333333,0.006666666666666667
393,google,True,RFGSM,resnet,20/80,vgg,bing,30/70,0.06333333,0.08666666666666667,0.04
394,google,True,RFGSM,resnet,20/80,vgg,bing,40/60,0.026666667,0.02,0.03333333333333333
395,google,True,RFGSM,resnet,20/80,vgg,bing,50/50,0.060000002,0.006666666666666667,0.11333333333333333
396,google,True,RFGSM,resnet,20/80,alexnet,google,20/80,0.0034129692,0.0,0.006711409395973154
397,google,True,RFGSM,resnet,20/80,alexnet,google,30/70,0.0033783785,0.0,0.006666666666666667
398,google,True,RFGSM,resnet,20/80,alexnet,google,40/60,0.0033898305,0.0,0.006756756756756757
399,google,True,RFGSM,resnet,20/80,alexnet,google,50/50,0.010204081,0.0,0.02040816326530612
400,google,True,RFGSM,resnet,20/80,resnet,google,20/80,0.10169491,0.09655172413793103,0.10666666666666667
401,google,True,RFGSM,resnet,20/80,resnet,google,30/70,0.056856185,0.053691275167785234,0.06
402,google,True,RFGSM,resnet,20/80,resnet,google,40/60,0.08754209,0.040268456375838924,0.13513513513513514
403,google,True,RFGSM,resnet,20/80,resnet,google,50/50,0.09152542,0.026845637583892617,0.15753424657534246
404,google,True,RFGSM,resnet,20/80,vgg,google,20/80,0.03030303,0.04081632653061224,0.02
405,google,True,RFGSM,resnet,20/80,vgg,google,30/70,0.04682274,0.026845637583892617,0.06666666666666667
406,google,True,RFGSM,resnet,20/80,vgg,google,40/60,0.037037037,0.013422818791946308,0.060810810810810814
407,google,True,RFGSM,resnet,20/80,vgg,google,50/50,0.043771043,0.0,0.08783783783783784
408,google,True,RFGSM,resnet,30/70,alexnet,bing,20/80,0.02,0.04,0.0
409,google,True,RFGSM,resnet,30/70,alexnet,bing,30/70,0.013333334,0.02666666666666667,0.0
410,google,True,RFGSM,resnet,30/70,alexnet,bing,40/60,0.016666668,0.013333333333333334,0.02
411,google,True,RFGSM,resnet,30/70,alexnet,bing,50/50,0.030000001,0.006666666666666667,0.05333333333333334
412,google,True,RFGSM,resnet,30/70,resnet,bing,20/80,0.086666666,0.12,0.05333333333333334
413,google,True,RFGSM,resnet,30/70,resnet,bing,30/70,0.07666667,0.1,0.05333333333333334
414,google,True,RFGSM,resnet,30/70,resnet,bing,40/60,0.06666667,0.04,0.09333333333333334
415,google,True,RFGSM,resnet,30/70,resnet,bing,50/50,0.08,0.02666666666666667,0.13333333333333333
416,google,True,RFGSM,resnet,30/70,vgg,bing,20/80,0.033333335,0.06,0.006666666666666667
417,google,True,RFGSM,resnet,30/70,vgg,bing,30/70,0.043333333,0.06,0.02666666666666667
418,google,True,RFGSM,resnet,30/70,vgg,bing,40/60,0.026666667,0.02,0.03333333333333333
419,google,True,RFGSM,resnet,30/70,vgg,bing,50/50,0.05666667,0.006666666666666667,0.10666666666666667
420,google,True,RFGSM,resnet,30/70,alexnet,google,20/80,0.0034129692,0.0,0.006711409395973154
421,google,True,RFGSM,resnet,30/70,alexnet,google,30/70,0.0033783785,0.0,0.006666666666666667
422,google,True,RFGSM,resnet,30/70,alexnet,google,40/60,0.006779661,0.0,0.013513513513513514
423,google,True,RFGSM,resnet,30/70,alexnet,google,50/50,0.017006803,0.0,0.034013605442176874
424,google,True,RFGSM,resnet,30/70,resnet,google,20/80,0.061016947,0.06206896551724138,0.06
425,google,True,RFGSM,resnet,30/70,resnet,google,30/70,0.07692308,0.0738255033557047,0.08
426,google,True,RFGSM,resnet,30/70,resnet,google,40/60,0.06397306,0.03355704697986577,0.0945945945945946
427,google,True,RFGSM,resnet,30/70,resnet,google,50/50,0.07118644,0.006711409395973154,0.136986301369863
428,google,True,RFGSM,resnet,30/70,vgg,google,20/80,0.026936026,0.034013605442176874,0.02
