,source_dataset,isMath,attack,source_model,source_balancing,target_model,target_dataset,target_balancing,asr,asr_0,asr_1
0,bing,True,FGSM,alexnet,20/80,alexnet,bing,20/80,0.28819445,0.15217391304347827,0.41333333333333333
1,bing,True,FGSM,alexnet,20/80,alexnet,bing,30/70,0.2979452,0.11971830985915492,0.4666666666666667
2,bing,True,FGSM,alexnet,20/80,alexnet,bing,40/60,0.34353742,0.07586206896551724,0.6040268456375839
3,bing,True,FGSM,alexnet,20/80,alexnet,bing,50/50,0.38305083,0.0410958904109589,0.7181208053691275
4,bing,True,FGSM,alexnet,20/80,resnet,bing,20/80,0.17064846,0.16083916083916083,0.18
5,bing,True,FGSM,alexnet,20/80,resnet,bing,30/70,0.16666666,0.1111111111111111,0.22
6,bing,True,FGSM,alexnet,20/80,resnet,bing,40/60,0.22711864,0.006896551724137931,0.44
7,bing,True,FGSM,alexnet,20/80,resnet,bing,50/50,0.2533784,0.0,0.5
8,bing,True,FGSM,alexnet,20/80,vgg,bing,20/80,0.16271186,0.32413793103448274,0.006666666666666667
9,bing,True,FGSM,alexnet,20/80,vgg,bing,30/70,0.15986395,0.3194444444444444,0.006666666666666667
10,bing,True,FGSM,alexnet,20/80,vgg,bing,40/60,0.06440678,0.08275862068965517,0.04666666666666667
11,bing,True,FGSM,alexnet,20/80,vgg,bing,50/50,0.122033894,0.08275862068965517,0.16
12,bing,True,FGSM,alexnet,20/80,alexnet,google,20/80,0.35333335,0.14,0.5666666666666667
13,bing,True,FGSM,alexnet,20/80,alexnet,google,30/70,0.34333333,0.12,0.5666666666666667
14,bing,True,FGSM,alexnet,20/80,alexnet,google,40/60,0.39000002,0.07333333333333333,0.7066666666666667
15,bing,True,FGSM,alexnet,20/80,alexnet,google,50/50,0.36666667,0.06,0.6733333333333333
16,bing,True,FGSM,alexnet,20/80,resnet,google,20/80,0.2,0.08,0.32
17,bing,True,FGSM,alexnet,20/80,resnet,google,30/70,0.16666667,0.06,0.2733333333333333
18,bing,True,FGSM,alexnet,20/80,resnet,google,40/60,0.21333334,0.02666666666666667,0.4
19,bing,True,FGSM,alexnet,20/80,resnet,google,50/50,0.25,0.02,0.48
20,bing,True,FGSM,alexnet,20/80,vgg,google,20/80,0.17333333,0.32666666666666666,0.02
21,bing,True,FGSM,alexnet,20/80,vgg,google,30/70,0.083333336,0.1,0.06666666666666667
22,bing,True,FGSM,alexnet,20/80,vgg,google,40/60,0.07666667,0.09333333333333334,0.06
23,bing,True,FGSM,alexnet,20/80,vgg,google,50/50,0.093333334,0.05333333333333334,0.13333333333333333
24,bing,True,FGSM,alexnet,30/70,alexnet,bing,20/80,0.2777778,0.15217391304347827,0.3933333333333333
25,bing,True,FGSM,alexnet,30/70,alexnet,bing,30/70,0.32876712,0.14788732394366197,0.5
26,bing,True,FGSM,alexnet,30/70,alexnet,bing,40/60,0.37755102,0.10344827586206896,0.6442953020134228
27,bing,True,FGSM,alexnet,30/70,alexnet,bing,50/50,0.41694915,0.0821917808219178,0.7449664429530202
28,bing,True,FGSM,alexnet,30/70,resnet,bing,20/80,0.1672355,0.15384615384615385,0.18
29,bing,True,FGSM,alexnet,30/70,resnet,bing,30/70,0.17346938,0.11805555555555555,0.22666666666666666
30,bing,True,FGSM,alexnet,30/70,resnet,bing,40/60,0.22033899,0.027586206896551724,0.4066666666666667
31,bing,True,FGSM,alexnet,30/70,resnet,bing,50/50,0.28716215,0.00684931506849315,0.56
32,bing,True,FGSM,alexnet,30/70,vgg,bing,20/80,0.18983051,0.3724137931034483,0.013333333333333334
33,bing,True,FGSM,alexnet,30/70,vgg,bing,30/70,0.17006803,0.3263888888888889,0.02
34,bing,True,FGSM,alexnet,30/70,vgg,bing,40/60,0.07457627,0.09655172413793103,0.05333333333333334
35,bing,True,FGSM,alexnet,30/70,vgg,bing,50/50,0.122033894,0.08275862068965517,0.16
36,bing,True,FGSM,alexnet,30/70,alexnet,google,20/80,0.35666668,0.12666666666666668,0.5866666666666667
37,bing,True,FGSM,alexnet,30/70,alexnet,google,30/70,0.35333335,0.12,0.5866666666666667
38,bing,True,FGSM,alexnet,30/70,alexnet,google,40/60,0.4,0.06666666666666667,0.7333333333333333
39,bing,True,FGSM,alexnet,30/70,alexnet,google,50/50,0.40333334,0.06666666666666667,0.74
40,bing,True,FGSM,alexnet,30/70,resnet,google,20/80,0.22,0.10666666666666667,0.3333333333333333
41,bing,True,FGSM,alexnet,30/70,resnet,google,30/70,0.15,0.06666666666666667,0.23333333333333334
42,bing,True,FGSM,alexnet,30/70,resnet,google,40/60,0.24666667,0.05333333333333334,0.44
43,bing,True,FGSM,alexnet,30/70,resnet,google,50/50,0.25666666,0.02666666666666667,0.4866666666666667
44,bing,True,FGSM,alexnet,30/70,vgg,google,20/80,0.16666667,0.30666666666666664,0.02666666666666667
45,bing,True,FGSM,alexnet,30/70,vgg,google,30/70,0.10333334,0.13333333333333333,0.07333333333333333
46,bing,True,FGSM,alexnet,30/70,vgg,google,40/60,0.086666666,0.10666666666666667,0.06666666666666667
47,bing,True,FGSM,alexnet,30/70,vgg,google,50/50,0.11,0.07333333333333333,0.14666666666666667
48,bing,True,FGSM,alexnet,40/60,alexnet,bing,20/80,0.28472224,0.14492753623188406,0.41333333333333333
49,bing,True,FGSM,alexnet,40/60,alexnet,bing,30/70,0.31164384,0.14084507042253522,0.47333333333333333
50,bing,True,FGSM,alexnet,40/60,alexnet,bing,40/60,0.414966,0.0896551724137931,0.7315436241610739
51,bing,True,FGSM,alexnet,40/60,alexnet,bing,50/50,0.42711863,0.0684931506849315,0.7785234899328859
52,bing,True,FGSM,alexnet,40/60,resnet,bing,20/80,0.1774744,0.18181818181818182,0.17333333333333334
53,bing,True,FGSM,alexnet,40/60,resnet,bing,30/70,0.1802721,0.11805555555555555,0.24
54,bing,True,FGSM,alexnet,40/60,resnet,bing,40/60,0.2237288,0.013793103448275862,0.4266666666666667
55,bing,True,FGSM,alexnet,40/60,resnet,bing,50/50,0.3006757,0.0,0.5933333333333334
56,bing,True,FGSM,alexnet,40/60,vgg,bing,20/80,0.1661017,0.3310344827586207,0.006666666666666667
57,bing,True,FGSM,alexnet,40/60,vgg,bing,30/70,0.15646258,0.3125,0.006666666666666667
58,bing,True,FGSM,alexnet,40/60,vgg,bing,40/60,0.08135593,0.09655172413793103,0.06666666666666667
59,bing,True,FGSM,alexnet,40/60,vgg,bing,50/50,0.118644066,0.06206896551724138,0.17333333333333334
60,bing,True,FGSM,alexnet,40/60,alexnet,google,20/80,0.36666667,0.13333333333333333,0.6
61,bing,True,FGSM,alexnet,40/60,alexnet,google,30/70,0.3866667,0.12666666666666668,0.6466666666666666
62,bing,True,FGSM,alexnet,40/60,alexnet,google,40/60,0.43666667,0.09333333333333334,0.78
63,bing,True,FGSM,alexnet,40/60,alexnet,google,50/50,0.43,0.08666666666666667,0.7733333333333333
64,bing,True,FGSM,alexnet,40/60,resnet,google,20/80,0.22666667,0.11333333333333333,0.34
65,bing,True,FGSM,alexnet,40/60,resnet,google,30/70,0.18,0.06,0.3
66,bing,True,FGSM,alexnet,40/60,resnet,google,40/60,0.25,0.04,0.46
67,bing,True,FGSM,alexnet,40/60,resnet,google,50/50,0.28,0.02666666666666667,0.5333333333333333
68,bing,True,FGSM,alexnet,40/60,vgg,google,20/80,0.18333334,0.31333333333333335,0.05333333333333334
69,bing,True,FGSM,alexnet,40/60,vgg,google,30/70,0.1,0.12,0.08
70,bing,True,FGSM,alexnet,40/60,vgg,google,40/60,0.083333336,0.1,0.06666666666666667
71,bing,True,FGSM,alexnet,40/60,vgg,google,50/50,0.10333334,0.08,0.12666666666666668
72,bing,True,FGSM,alexnet,50/50,alexnet,bing,20/80,0.28125,0.14492753623188406,0.4066666666666667
73,bing,True,FGSM,alexnet,50/50,alexnet,bing,30/70,0.32876712,0.13380281690140844,0.5133333333333333
74,bing,True,FGSM,alexnet,50/50,alexnet,bing,40/60,0.3877551,0.05517241379310345,0.7114093959731543
75,bing,True,FGSM,alexnet,50/50,alexnet,bing,50/50,0.4474576,0.04794520547945205,0.8389261744966443
76,bing,True,FGSM,alexnet,50/50,resnet,bing,20/80,0.17064846,0.16083916083916083,0.18
77,bing,True,FGSM,alexnet,50/50,resnet,bing,30/70,0.18367347,0.10416666666666667,0.26
78,bing,True,FGSM,alexnet,50/50,resnet,bing,40/60,0.23050848,0.006896551724137931,0.44666666666666666
79,bing,True,FGSM,alexnet,50/50,resnet,bing,50/50,0.30405405,0.0,0.6
80,bing,True,FGSM,alexnet,50/50,vgg,bing,20/80,0.17627119,0.35172413793103446,0.006666666666666667
81,bing,True,FGSM,alexnet,50/50,vgg,bing,30/70,0.16666666,0.3333333333333333,0.006666666666666667
82,bing,True,FGSM,alexnet,50/50,vgg,bing,40/60,0.06440678,0.08275862068965517,0.04666666666666667
83,bing,True,FGSM,alexnet,50/50,vgg,bing,50/50,0.10508475,0.05517241379310345,0.15333333333333332
84,bing,True,FGSM,alexnet,50/50,alexnet,google,20/80,0.38,0.12666666666666668,0.6333333333333333
85,bing,True,FGSM,alexnet,50/50,alexnet,google,30/70,0.38,0.10666666666666667,0.6533333333333333
86,bing,True,FGSM,alexnet,50/50,alexnet,google,40/60,0.44333336,0.07333333333333333,0.8133333333333334
87,bing,True,FGSM,alexnet,50/50,alexnet,google,50/50,0.43,0.06666666666666667,0.7933333333333333
88,bing,True,FGSM,alexnet,50/50,resnet,google,20/80,0.25,0.10666666666666667,0.3933333333333333
89,bing,True,FGSM,alexnet,50/50,resnet,google,30/70,0.20333333,0.04,0.36666666666666664
90,bing,True,FGSM,alexnet,50/50,resnet,google,40/60,0.27333334,0.02666666666666667,0.52
91,bing,True,FGSM,alexnet,50/50,resnet,google,50/50,0.30666667,0.02666666666666667,0.5866666666666667
92,bing,True,FGSM,alexnet,50/50,vgg,google,20/80,0.18666667,0.3333333333333333,0.04
93,bing,True,FGSM,alexnet,50/50,vgg,google,30/70,0.083333336,0.10666666666666667,0.06
94,bing,True,FGSM,alexnet,50/50,vgg,google,40/60,0.086666666,0.08666666666666667,0.08666666666666667
95,bing,True,FGSM,alexnet,50/50,vgg,google,50/50,0.10333334,0.06666666666666667,0.14
96,bing,True,FGSM,resnet,20/80,alexnet,bing,20/80,0.052083332,0.014492753623188406,0.08666666666666667
97,bing,True,FGSM,resnet,20/80,alexnet,bing,30/70,0.06849315,0.007042253521126761,0.12666666666666668
98,bing,True,FGSM,resnet,20/80,alexnet,bing,40/60,0.1122449,0.0,0.2214765100671141
99,bing,True,FGSM,resnet,20/80,alexnet,bing,50/50,0.14576271,0.0,0.28859060402684567
100,bing,True,FGSM,resnet,20/80,resnet,bing,20/80,0.41638225,0.26573426573426573,0.56
101,bing,True,FGSM,resnet,20/80,resnet,bing,30/70,0.3945578,0.2013888888888889,0.58
102,bing,True,FGSM,resnet,20/80,resnet,bing,40/60,0.38644066,0.05517241379310345,0.7066666666666667
103,bing,True,FGSM,resnet,20/80,resnet,bing,50/50,0.41891894,0.0273972602739726,0.8
104,bing,True,FGSM,resnet,20/80,vgg,bing,20/80,0.18983051,0.33793103448275863,0.04666666666666667
105,bing,True,FGSM,resnet,20/80,vgg,bing,30/70,0.207483,0.3541666666666667,0.06666666666666667
106,bing,True,FGSM,resnet,20/80,vgg,bing,40/60,0.15254237,0.1103448275862069,0.19333333333333333
107,bing,True,FGSM,resnet,20/80,vgg,bing,50/50,0.20338982,0.05517241379310345,0.3466666666666667
108,bing,True,FGSM,resnet,20/80,alexnet,google,20/80,0.1,0.04,0.16
109,bing,True,FGSM,resnet,20/80,alexnet,google,30/70,0.09666667,0.02666666666666667,0.16666666666666666
110,bing,True,FGSM,resnet,20/80,alexnet,google,40/60,0.14333333,0.02,0.26666666666666666
111,bing,True,FGSM,resnet,20/80,alexnet,google,50/50,0.15333334,0.013333333333333334,0.29333333333333333
112,bing,True,FGSM,resnet,20/80,resnet,google,20/80,0.42000002,0.20666666666666667,0.6333333333333333
113,bing,True,FGSM,resnet,20/80,resnet,google,30/70,0.31666666,0.13333333333333333,0.5
114,bing,True,FGSM,resnet,20/80,resnet,google,40/60,0.39000002,0.07333333333333333,0.7066666666666667
115,bing,True,FGSM,resnet,20/80,resnet,google,50/50,0.39666668,0.03333333333333333,0.76
116,bing,True,FGSM,resnet,20/80,vgg,google,20/80,0.2,0.34,0.06
117,bing,True,FGSM,resnet,20/80,vgg,google,30/70,0.16333334,0.12666666666666668,0.2
118,bing,True,FGSM,resnet,20/80,vgg,google,40/60,0.16666667,0.08666666666666667,0.24666666666666667
119,bing,True,FGSM,resnet,20/80,vgg,google,50/50,0.20666668,0.08,0.3333333333333333
120,bing,True,FGSM,resnet,30/70,alexnet,bing,20/80,0.05902778,0.014492753623188406,0.1
121,bing,True,FGSM,resnet,30/70,alexnet,bing,30/70,0.06849315,0.014084507042253521,0.12
122,bing,True,FGSM,resnet,30/70,alexnet,bing,40/60,0.11904762,0.0,0.2348993288590604
123,bing,True,FGSM,resnet,30/70,alexnet,bing,50/50,0.17288135,0.0,0.3422818791946309
124,bing,True,FGSM,resnet,30/70,resnet,bing,20/80,0.39931738,0.24475524475524477,0.5466666666666666
125,bing,True,FGSM,resnet,30/70,resnet,bing,30/70,0.4047619,0.20833333333333334,0.5933333333333334
126,bing,True,FGSM,resnet,30/70,resnet,bing,40/60,0.4,0.07586206896551724,0.7133333333333334
127,bing,True,FGSM,resnet,30/70,resnet,bing,50/50,0.4256757,0.0273972602739726,0.8133333333333334
128,bing,True,FGSM,resnet,30/70,vgg,bing,20/80,0.19661017,0.35172413793103446,0.04666666666666667
129,bing,True,FGSM,resnet,30/70,vgg,bing,30/70,0.21088435,0.3541666666666667,0.07333333333333333
130,bing,True,FGSM,resnet,30/70,vgg,bing,40/60,0.15932204,0.10344827586206896,0.21333333333333335
131,bing,True,FGSM,resnet,30/70,vgg,bing,50/50,0.23050848,0.07586206896551724,0.38
132,bing,True,FGSM,resnet,30/70,alexnet,google,20/80,0.09666667,0.04,0.15333333333333332
133,bing,True,FGSM,resnet,30/70,alexnet,google,30/70,0.093333334,0.04,0.14666666666666667
134,bing,True,FGSM,resnet,30/70,alexnet,google,40/60,0.15333334,0.02666666666666667,0.28
135,bing,True,FGSM,resnet,30/70,alexnet,google,50/50,0.17333333,0.02,0.32666666666666666
136,bing,True,FGSM,resnet,30/70,resnet,google,20/80,0.42333335,0.22,0.6266666666666667
137,bing,True,FGSM,resnet,30/70,resnet,google,30/70,0.31666666,0.12666666666666668,0.5066666666666667
138,bing,True,FGSM,resnet,30/70,resnet,google,40/60,0.39000002,0.08,0.7
139,bing,True,FGSM,resnet,30/70,resnet,google,50/50,0.40666667,0.02666666666666667,0.7866666666666666
140,bing,True,FGSM,resnet,30/70,vgg,google,20/80,0.22666667,0.37333333333333335,0.08
141,bing,True,FGSM,resnet,30/70,vgg,google,30/70,0.17,0.14,0.2
142,bing,True,FGSM,resnet,30/70,vgg,google,40/60,0.2,0.11333333333333333,0.2866666666666667
143,bing,True,FGSM,resnet,30/70,vgg,google,50/50,0.21333334,0.08666666666666667,0.34
144,bing,True,FGSM,resnet,40/60,alexnet,bing,20/80,0.0625,0.014492753623188406,0.10666666666666667
145,bing,True,FGSM,resnet,40/60,alexnet,bing,30/70,0.07191781,0.007042253521126761,0.13333333333333333
146,bing,True,FGSM,resnet,40/60,alexnet,bing,40/60,0.12585033,0.0,0.2483221476510067
147,bing,True,FGSM,resnet,40/60,alexnet,bing,50/50,0.18644068,0.0,0.3691275167785235
148,bing,True,FGSM,resnet,40/60,resnet,bing,20/80,0.40614334,0.22377622377622378,0.58
149,bing,True,FGSM,resnet,40/60,resnet,bing,30/70,0.41836733,0.18055555555555555,0.6466666666666666
150,bing,True,FGSM,resnet,40/60,resnet,bing,40/60,0.43728814,0.08275862068965517,0.78
151,bing,True,FGSM,resnet,40/60,resnet,bing,50/50,0.46283785,0.03424657534246575,0.88
152,bing,True,FGSM,resnet,40/60,vgg,bing,20/80,0.17966102,0.3103448275862069,0.05333333333333334
153,bing,True,FGSM,resnet,40/60,vgg,bing,30/70,0.207483,0.3333333333333333,0.08666666666666667
154,bing,True,FGSM,resnet,40/60,vgg,bing,40/60,0.18305084,0.0896551724137931,0.2733333333333333
155,bing,True,FGSM,resnet,40/60,vgg,bing,50/50,0.27118644,0.06206896551724138,0.47333333333333333
156,bing,True,FGSM,resnet,40/60,alexnet,google,20/80,0.11333334,0.04666666666666667,0.18
157,bing,True,FGSM,resnet,40/60,alexnet,google,30/70,0.1,0.04,0.16
158,bing,True,FGSM,resnet,40/60,alexnet,google,40/60,0.17666668,0.02,0.3333333333333333
159,bing,True,FGSM,resnet,40/60,alexnet,google,50/50,0.18666667,0.02666666666666667,0.3466666666666667
160,bing,True,FGSM,resnet,40/60,resnet,google,20/80,0.43333334,0.20666666666666667,0.66
161,bing,True,FGSM,resnet,40/60,resnet,google,30/70,0.34333333,0.11333333333333333,0.5733333333333334
162,bing,True,FGSM,resnet,40/60,resnet,google,40/60,0.40333334,0.06,0.7466666666666667
163,bing,True,FGSM,resnet,40/60,resnet,google,50/50,0.43333334,0.03333333333333333,0.8333333333333334
164,bing,True,FGSM,resnet,40/60,vgg,google,20/80,0.20333333,0.31333333333333335,0.09333333333333334
165,bing,True,FGSM,resnet,40/60,vgg,google,30/70,0.19333334,0.11333333333333333,0.2733333333333333
166,bing,True,FGSM,resnet,40/60,vgg,google,40/60,0.22,0.08666666666666667,0.35333333333333333
167,bing,True,FGSM,resnet,40/60,vgg,google,50/50,0.26333335,0.07333333333333333,0.4533333333333333
168,bing,True,FGSM,resnet,50/50,alexnet,bing,20/80,0.07638889,0.007246376811594203,0.14
169,bing,True,FGSM,resnet,50/50,alexnet,bing,30/70,0.08219178,0.014084507042253521,0.14666666666666667
170,bing,True,FGSM,resnet,50/50,alexnet,bing,40/60,0.1292517,0.0,0.2550335570469799
171,bing,True,FGSM,resnet,50/50,alexnet,bing,50/50,0.19322033,0.00684931506849315,0.37583892617449666
172,bing,True,FGSM,resnet,50/50,resnet,bing,20/80,0.37883958,0.20279720279720279,0.5466666666666666
173,bing,True,FGSM,resnet,50/50,resnet,bing,30/70,0.38435373,0.125,0.6333333333333333
174,bing,True,FGSM,resnet,50/50,resnet,bing,40/60,0.44067797,0.07586206896551724,0.7933333333333333
175,bing,True,FGSM,resnet,50/50,resnet,bing,50/50,0.45945948,0.02054794520547945,0.8866666666666667
176,bing,True,FGSM,resnet,50/50,vgg,bing,20/80,0.17627119,0.31724137931034485,0.04
177,bing,True,FGSM,resnet,50/50,vgg,bing,30/70,0.1972789,0.3125,0.08666666666666667
178,bing,True,FGSM,resnet,50/50,vgg,bing,40/60,0.17288135,0.06896551724137931,0.2733333333333333
179,bing,True,FGSM,resnet,50/50,vgg,bing,50/50,0.28135592,0.05517241379310345,0.5
180,bing,True,FGSM,resnet,50/50,alexnet,google,20/80,0.123333335,0.04,0.20666666666666667
181,bing,True,FGSM,resnet,50/50,alexnet,google,30/70,0.1,0.03333333333333333,0.16666666666666666
182,bing,True,FGSM,resnet,50/50,alexnet,google,40/60,0.18,0.02666666666666667,0.3333333333333333
183,bing,True,FGSM,resnet,50/50,alexnet,google,50/50,0.21333334,0.02666666666666667,0.4
184,bing,True,FGSM,resnet,50/50,resnet,google,20/80,0.42666668,0.16,0.6933333333333334
185,bing,True,FGSM,resnet,50/50,resnet,google,30/70,0.35666668,0.10666666666666667,0.6066666666666667
186,bing,True,FGSM,resnet,50/50,resnet,google,40/60,0.4166667,0.08,0.7533333333333333
187,bing,True,FGSM,resnet,50/50,resnet,google,50/50,0.42666668,0.03333333333333333,0.82
188,bing,True,FGSM,resnet,50/50,vgg,google,20/80,0.19333334,0.3,0.08666666666666667
189,bing,True,FGSM,resnet,50/50,vgg,google,30/70,0.19333334,0.1,0.2866666666666667
190,bing,True,FGSM,resnet,50/50,vgg,google,40/60,0.21666667,0.08666666666666667,0.3466666666666667
191,bing,True,FGSM,resnet,50/50,vgg,google,50/50,0.26000002,0.05333333333333334,0.4666666666666667
192,bing,True,FGSM,vgg,20/80,alexnet,bing,20/80,0.03125,0.014492753623188406,0.04666666666666667
193,bing,True,FGSM,vgg,20/80,alexnet,bing,30/70,0.03767123,0.014084507042253521,0.06
194,bing,True,FGSM,vgg,20/80,alexnet,bing,40/60,0.047619045,0.0,0.09395973154362416
195,bing,True,FGSM,vgg,20/80,alexnet,bing,50/50,0.09152542,0.0,0.18120805369127516
196,bing,True,FGSM,vgg,20/80,resnet,bing,20/80,0.095563136,0.0979020979020979,0.09333333333333334
197,bing,True,FGSM,vgg,20/80,resnet,bing,30/70,0.09523809,0.034722222222222224,0.15333333333333332
198,bing,True,FGSM,vgg,20/80,resnet,bing,40/60,0.16271186,0.0,0.32
199,bing,True,FGSM,vgg,20/80,resnet,bing,50/50,0.25,0.0,0.49333333333333335
200,bing,True,FGSM,vgg,20/80,vgg,bing,20/80,0.28135592,0.4482758620689655,0.12
201,bing,True,FGSM,vgg,20/80,vgg,bing,30/70,0.30272108,0.4305555555555556,0.18
202,bing,True,FGSM,vgg,20/80,vgg,bing,40/60,0.30508474,0.2689655172413793,0.34
203,bing,True,FGSM,vgg,20/80,vgg,bing,50/50,0.3559322,0.1793103448275862,0.5266666666666666
204,bing,True,FGSM,vgg,20/80,alexnet,google,20/80,0.043333333,0.04,0.04666666666666667
205,bing,True,FGSM,vgg,20/80,alexnet,google,30/70,0.06333333,0.04666666666666667,0.08
206,bing,True,FGSM,vgg,20/80,alexnet,google,40/60,0.09666667,0.02666666666666667,0.16666666666666666
207,bing,True,FGSM,vgg,20/80,alexnet,google,50/50,0.09666667,0.02666666666666667,0.16666666666666666
208,bing,True,FGSM,vgg,20/80,resnet,google,20/80,0.14,0.06666666666666667,0.21333333333333335
209,bing,True,FGSM,vgg,20/80,resnet,google,30/70,0.12666667,0.04666666666666667,0.20666666666666667
210,bing,True,FGSM,vgg,20/80,resnet,google,40/60,0.17333333,0.02,0.32666666666666666
211,bing,True,FGSM,vgg,20/80,resnet,google,50/50,0.23666668,0.02,0.4533333333333333
212,bing,True,FGSM,vgg,20/80,vgg,google,20/80,0.29333335,0.44,0.14666666666666667
213,bing,True,FGSM,vgg,20/80,vgg,google,30/70,0.33666667,0.29333333333333333,0.38
214,bing,True,FGSM,vgg,20/80,vgg,google,40/60,0.31,0.22666666666666666,0.3933333333333333
215,bing,True,FGSM,vgg,20/80,vgg,google,50/50,0.33333334,0.17333333333333334,0.49333333333333335
216,bing,True,FGSM,vgg,30/70,alexnet,bing,20/80,0.034722224,0.007246376811594203,0.06
217,bing,True,FGSM,vgg,30/70,alexnet,bing,30/70,0.030821918,0.007042253521126761,0.05333333333333334
218,bing,True,FGSM,vgg,30/70,alexnet,bing,40/60,0.05782313,0.0,0.11409395973154363
219,bing,True,FGSM,vgg,30/70,alexnet,bing,50/50,0.084745765,0.0,0.16778523489932887
220,bing,True,FGSM,vgg,30/70,resnet,bing,20/80,0.07849829,0.09090909090909091,0.06666666666666667
221,bing,True,FGSM,vgg,30/70,resnet,bing,30/70,0.08503401,0.04861111111111111,0.12
222,bing,True,FGSM,vgg,30/70,resnet,bing,40/60,0.15254237,0.0,0.3
223,bing,True,FGSM,vgg,30/70,resnet,bing,50/50,0.22635135,0.0,0.44666666666666666
224,bing,True,FGSM,vgg,30/70,vgg,bing,20/80,0.25762713,0.4482758620689655,0.07333333333333333
225,bing,True,FGSM,vgg,30/70,vgg,bing,30/70,0.30612245,0.4583333333333333,0.16
226,bing,True,FGSM,vgg,30/70,vgg,bing,40/60,0.29152542,0.2413793103448276,0.34
227,bing,True,FGSM,vgg,30/70,vgg,bing,50/50,0.3457627,0.1793103448275862,0.5066666666666667
228,bing,True,FGSM,vgg,30/70,alexnet,google,20/80,0.046666667,0.04,0.05333333333333334
229,bing,True,FGSM,vgg,30/70,alexnet,google,30/70,0.053333335,0.04666666666666667,0.06
230,bing,True,FGSM,vgg,30/70,alexnet,google,40/60,0.086666666,0.03333333333333333,0.14
231,bing,True,FGSM,vgg,30/70,alexnet,google,50/50,0.083333336,0.02,0.14666666666666667
232,bing,True,FGSM,vgg,30/70,resnet,google,20/80,0.14,0.06,0.22
233,bing,True,FGSM,vgg,30/70,resnet,google,30/70,0.11666667,0.04,0.19333333333333333
234,bing,True,FGSM,vgg,30/70,resnet,google,40/60,0.17333333,0.02,0.32666666666666666
235,bing,True,FGSM,vgg,30/70,resnet,google,50/50,0.23,0.02,0.44
236,bing,True,FGSM,vgg,30/70,vgg,google,20/80,0.28666666,0.4266666666666667,0.14666666666666667
237,bing,True,FGSM,vgg,30/70,vgg,google,30/70,0.34,0.30666666666666664,0.37333333333333335
238,bing,True,FGSM,vgg,30/70,vgg,google,40/60,0.29666668,0.24,0.35333333333333333
239,bing,True,FGSM,vgg,30/70,vgg,google,50/50,0.32,0.17333333333333334,0.4666666666666667
240,bing,True,FGSM,vgg,40/60,alexnet,bing,20/80,0.03125,0.007246376811594203,0.05333333333333334
241,bing,True,FGSM,vgg,40/60,alexnet,bing,30/70,0.023972603,0.0,0.04666666666666667
242,bing,True,FGSM,vgg,40/60,alexnet,bing,40/60,0.044217687,0.0,0.087248322147651
243,bing,True,FGSM,vgg,40/60,alexnet,bing,50/50,0.084745765,0.0,0.16778523489932887
244,bing,True,FGSM,vgg,40/60,resnet,bing,20/80,0.0887372,0.09090909090909091,0.08666666666666667
245,bing,True,FGSM,vgg,40/60,resnet,bing,30/70,0.088435374,0.034722222222222224,0.14
246,bing,True,FGSM,vgg,40/60,resnet,bing,40/60,0.16271186,0.0,0.32
247,bing,True,FGSM,vgg,40/60,resnet,bing,50/50,0.23986487,0.0,0.47333333333333333
248,bing,True,FGSM,vgg,40/60,vgg,bing,20/80,0.2542373,0.4413793103448276,0.07333333333333333
249,bing,True,FGSM,vgg,40/60,vgg,bing,30/70,0.30612245,0.4513888888888889,0.16666666666666666
250,bing,True,FGSM,vgg,40/60,vgg,bing,40/60,0.33898306,0.2896551724137931,0.38666666666666666
251,bing,True,FGSM,vgg,40/60,vgg,bing,50/50,0.38644066,0.19310344827586207,0.5733333333333334
252,bing,True,FGSM,vgg,40/60,alexnet,google,20/80,0.046666667,0.04,0.05333333333333334
253,bing,True,FGSM,vgg,40/60,alexnet,google,30/70,0.046666667,0.04,0.05333333333333334
254,bing,True,FGSM,vgg,40/60,alexnet,google,40/60,0.093333334,0.02666666666666667,0.16
255,bing,True,FGSM,vgg,40/60,alexnet,google,50/50,0.09666667,0.02,0.17333333333333334
256,bing,True,FGSM,vgg,40/60,resnet,google,20/80,0.12666667,0.06,0.19333333333333333
257,bing,True,FGSM,vgg,40/60,resnet,google,30/70,0.11333334,0.04,0.18666666666666668
258,bing,True,FGSM,vgg,40/60,resnet,google,40/60,0.17333333,0.02,0.32666666666666666
259,bing,True,FGSM,vgg,40/60,resnet,google,50/50,0.24333334,0.02,0.4666666666666667
260,bing,True,FGSM,vgg,40/60,vgg,google,20/80,0.29333335,0.43333333333333335,0.15333333333333332
261,bing,True,FGSM,vgg,40/60,vgg,google,30/70,0.35333335,0.32,0.38666666666666666
262,bing,True,FGSM,vgg,40/60,vgg,google,40/60,0.34666666,0.2733333333333333,0.42
263,bing,True,FGSM,vgg,40/60,vgg,google,50/50,0.35666668,0.18666666666666668,0.5266666666666666
264,bing,True,FGSM,vgg,50/50,alexnet,bing,20/80,0.034722224,0.014492753623188406,0.05333333333333334
265,bing,True,FGSM,vgg,50/50,alexnet,bing,30/70,0.034246575,0.007042253521126761,0.06
266,bing,True,FGSM,vgg,50/50,alexnet,bing,40/60,0.051020406,0.0,0.10067114093959731
267,bing,True,FGSM,vgg,50/50,alexnet,bing,50/50,0.08135593,0.0,0.1610738255033557
268,bing,True,FGSM,vgg,50/50,resnet,bing,20/80,0.09215017,0.07692307692307693,0.10666666666666667
269,bing,True,FGSM,vgg,50/50,resnet,bing,30/70,0.09523809,0.034722222222222224,0.15333333333333332
270,bing,True,FGSM,vgg,50/50,resnet,bing,40/60,0.1661017,0.0,0.32666666666666666
271,bing,True,FGSM,vgg,50/50,resnet,bing,50/50,0.24662162,0.0,0.4866666666666667
272,bing,True,FGSM,vgg,50/50,vgg,bing,20/80,0.26101694,0.43448275862068964,0.09333333333333334
273,bing,True,FGSM,vgg,50/50,vgg,bing,30/70,0.32312924,0.4513888888888889,0.2
274,bing,True,FGSM,vgg,50/50,vgg,bing,40/60,0.33898306,0.2482758620689655,0.4266666666666667
275,bing,True,FGSM,vgg,50/50,vgg,bing,50/50,0.41694915,0.2,0.6266666666666667
276,bing,True,FGSM,vgg,50/50,alexnet,google,20/80,0.046666667,0.04,0.05333333333333334
277,bing,True,FGSM,vgg,50/50,alexnet,google,30/70,0.05666667,0.04666666666666667,0.06666666666666667
278,bing,True,FGSM,vgg,50/50,alexnet,google,40/60,0.09666667,0.03333333333333333,0.16
279,bing,True,FGSM,vgg,50/50,alexnet,google,50/50,0.11,0.02666666666666667,0.19333333333333333
280,bing,True,FGSM,vgg,50/50,resnet,google,20/80,0.13333334,0.06666666666666667,0.2
281,bing,True,FGSM,vgg,50/50,resnet,google,30/70,0.10666667,0.04,0.17333333333333334
282,bing,True,FGSM,vgg,50/50,resnet,google,40/60,0.16666667,0.02,0.31333333333333335
283,bing,True,FGSM,vgg,50/50,resnet,google,50/50,0.24333334,0.02,0.4666666666666667
284,bing,True,FGSM,vgg,50/50,vgg,google,20/80,0.31333333,0.43333333333333335,0.19333333333333333
285,bing,True,FGSM,vgg,50/50,vgg,google,30/70,0.35333335,0.3,0.4066666666666667
286,bing,True,FGSM,vgg,50/50,vgg,google,40/60,0.33666667,0.24,0.43333333333333335
287,bing,True,FGSM,vgg,50/50,vgg,google,50/50,0.39000002,0.17333333333333334,0.6066666666666667
288,google,True,FGSM,alexnet,20/80,alexnet,bing,20/80,0.23,0.08,0.38
289,google,True,FGSM,alexnet,20/80,alexnet,bing,30/70,0.25666666,0.06,0.4533333333333333
290,google,True,FGSM,alexnet,20/80,alexnet,bing,40/60,0.33333334,0.013333333333333334,0.6533333333333333
291,google,True,FGSM,alexnet,20/80,alexnet,bing,50/50,0.37,0.006666666666666667,0.7333333333333333
292,google,True,FGSM,alexnet,20/80,resnet,bing,20/80,0.093333334,0.05333333333333334,0.13333333333333333
293,google,True,FGSM,alexnet,20/80,resnet,bing,30/70,0.11666667,0.02666666666666667,0.20666666666666667
294,google,True,FGSM,alexnet,20/80,resnet,bing,40/60,0.21333334,0.013333333333333334,0.41333333333333333
295,google,True,FGSM,alexnet,20/80,resnet,bing,50/50,0.27666667,0.0,0.5533333333333333
296,google,True,FGSM,alexnet,20/80,vgg,bing,20/80,0.060000002,0.11333333333333333,0.006666666666666667
297,google,True,FGSM,alexnet,20/80,vgg,bing,30/70,0.07666667,0.12666666666666668,0.02666666666666667
298,google,True,FGSM,alexnet,20/80,vgg,bing,40/60,0.06333333,0.02666666666666667,0.1
299,google,True,FGSM,alexnet,20/80,vgg,bing,50/50,0.10666667,0.013333333333333334,0.2
300,google,True,FGSM,alexnet,20/80,alexnet,google,20/80,0.31399316,0.013888888888888888,0.6040268456375839
301,google,True,FGSM,alexnet,20/80,alexnet,google,30/70,0.3310811,0.0136986301369863,0.64
302,google,True,FGSM,alexnet,20/80,alexnet,google,40/60,0.34237286,0.013605442176870748,0.668918918918919
303,google,True,FGSM,alexnet,20/80,alexnet,google,50/50,0.3333333,0.006802721088435374,0.6598639455782312
304,google,True,FGSM,alexnet,20/80,resnet,google,20/80,0.16949153,0.006896551724137931,0.32666666666666666
305,google,True,FGSM,alexnet,20/80,resnet,google,30/70,0.15719064,0.0,0.31333333333333335
306,google,True,FGSM,alexnet,20/80,resnet,google,40/60,0.21548821,0.0,0.43243243243243246
307,google,True,FGSM,alexnet,20/80,resnet,google,50/50,0.2338983,0.0,0.4726027397260274
308,google,True,FGSM,alexnet,20/80,vgg,google,20/80,0.06734007,0.08163265306122448,0.05333333333333334
309,google,True,FGSM,alexnet,20/80,vgg,google,30/70,0.073578596,0.013422818791946308,0.13333333333333333
310,google,True,FGSM,alexnet,20/80,vgg,google,40/60,0.08080808,0.013422818791946308,0.14864864864864866
311,google,True,FGSM,alexnet,20/80,vgg,google,50/50,0.11784512,0.0,0.23648648648648649
312,google,True,FGSM,alexnet,30/70,alexnet,bing,20/80,0.24333334,0.1,0.38666666666666666
313,google,True,FGSM,alexnet,30/70,alexnet,bing,30/70,0.27,0.06,0.48
314,google,True,FGSM,alexnet,30/70,alexnet,bing,40/60,0.34,0.013333333333333334,0.6666666666666666
315,google,True,FGSM,alexnet,30/70,alexnet,bing,50/50,0.38333336,0.0,0.7666666666666667
316,google,True,FGSM,alexnet,30/70,resnet,bing,20/80,0.10333334,0.06,0.14666666666666667
317,google,True,FGSM,alexnet,30/70,resnet,bing,30/70,0.11,0.03333333333333333,0.18666666666666668
318,google,True,FGSM,alexnet,30/70,resnet,bing,40/60,0.20666668,0.0,0.41333333333333333
319,google,True,FGSM,alexnet,30/70,resnet,bing,50/50,0.29333335,0.0,0.5866666666666667
320,google,True,FGSM,alexnet,30/70,vgg,bing,20/80,0.06666667,0.12666666666666668,0.006666666666666667
321,google,True,FGSM,alexnet,30/70,vgg,bing,30/70,0.07333334,0.12,0.02666666666666667
322,google,True,FGSM,alexnet,30/70,vgg,bing,40/60,0.07666667,0.02666666666666667,0.12666666666666668
323,google,True,FGSM,alexnet,30/70,vgg,bing,50/50,0.13000001,0.02666666666666667,0.23333333333333334
324,google,True,FGSM,alexnet,30/70,alexnet,google,20/80,0.3208191,0.020833333333333332,0.610738255033557
325,google,True,FGSM,alexnet,30/70,alexnet,google,30/70,0.3581081,0.02054794520547945,0.6866666666666666
326,google,True,FGSM,alexnet,30/70,alexnet,google,40/60,0.35932204,0.013605442176870748,0.7027027027027027
327,google,True,FGSM,alexnet,30/70,alexnet,google,50/50,0.36394557,0.006802721088435374,0.7210884353741497
328,google,True,FGSM,alexnet,30/70,resnet,google,20/80,0.17288135,0.0,0.34
329,google,True,FGSM,alexnet,30/70,resnet,google,30/70,0.1638796,0.0,0.32666666666666666
330,google,True,FGSM,alexnet,30/70,resnet,google,40/60,0.19528618,0.0,0.3918918918918919
331,google,True,FGSM,alexnet,30/70,resnet,google,50/50,0.24406779,0.0,0.4931506849315068
332,google,True,FGSM,alexnet,30/70,vgg,google,20/80,0.057239056,0.06802721088435375,0.04666666666666667
333,google,True,FGSM,alexnet,30/70,vgg,google,30/70,0.090301,0.020134228187919462,0.16
334,google,True,FGSM,alexnet,30/70,vgg,google,40/60,0.09427609,0.013422818791946308,0.17567567567567569
335,google,True,FGSM,alexnet,30/70,vgg,google,50/50,0.124579124,0.006711409395973154,0.24324324324324326
336,google,True,FGSM,alexnet,40/60,alexnet,bing,20/80,0.22333334,0.07333333333333333,0.37333333333333335
337,google,True,FGSM,alexnet,40/60,alexnet,bing,30/70,0.27333334,0.06666666666666667,0.48
338,google,True,FGSM,alexnet,40/60,alexnet,bing,40/60,0.36333334,0.03333333333333333,0.6933333333333334
339,google,True,FGSM,alexnet,40/60,alexnet,bing,50/50,0.37666667,0.0,0.7533333333333333
340,google,True,FGSM,alexnet,40/60,resnet,bing,20/80,0.10333334,0.04666666666666667,0.16
341,google,True,FGSM,alexnet,40/60,resnet,bing,30/70,0.14,0.04,0.24
342,google,True,FGSM,alexnet,40/60,resnet,bing,40/60,0.22666667,0.0,0.4533333333333333
343,google,True,FGSM,alexnet,40/60,resnet,bing,50/50,0.3,0.0,0.6
344,google,True,FGSM,alexnet,40/60,vgg,bing,20/80,0.053333335,0.1,0.006666666666666667
345,google,True,FGSM,alexnet,40/60,vgg,bing,30/70,0.07333334,0.12666666666666668,0.02
346,google,True,FGSM,alexnet,40/60,vgg,bing,40/60,0.07333334,0.02666666666666667,0.12
347,google,True,FGSM,alexnet,40/60,vgg,bing,50/50,0.120000005,0.013333333333333334,0.22666666666666666
348,google,True,FGSM,alexnet,40/60,alexnet,google,20/80,0.32423207,0.013888888888888888,0.6241610738255033
349,google,True,FGSM,alexnet,40/60,alexnet,google,30/70,0.33445945,0.0136986301369863,0.6466666666666666
350,google,True,FGSM,alexnet,40/60,alexnet,google,40/60,0.36949152,0.013605442176870748,0.722972972972973
351,google,True,FGSM,alexnet,40/60,alexnet,google,50/50,0.3537415,0.006802721088435374,0.7006802721088435
352,google,True,FGSM,alexnet,40/60,resnet,google,20/80,0.17966102,0.0,0.35333333333333333
353,google,True,FGSM,alexnet,40/60,resnet,google,30/70,0.19397993,0.0,0.38666666666666666
354,google,True,FGSM,alexnet,40/60,resnet,google,40/60,0.23905723,0.006711409395973154,0.47297297297297297
355,google,True,FGSM,alexnet,40/60,resnet,google,50/50,0.2677966,0.0,0.541095890410959
356,google,True,FGSM,alexnet,40/60,vgg,google,20/80,0.047138046,0.06802721088435375,0.02666666666666667
357,google,True,FGSM,alexnet,40/60,vgg,google,30/70,0.09364548,0.020134228187919462,0.16666666666666666
358,google,True,FGSM,alexnet,40/60,vgg,google,40/60,0.1010101,0.020134228187919462,0.18243243243243243
359,google,True,FGSM,alexnet,40/60,vgg,google,50/50,0.14478114,0.0,0.2905405405405405
360,google,True,FGSM,alexnet,50/50,alexnet,bing,20/80,0.25,0.08,0.42
361,google,True,FGSM,alexnet,50/50,alexnet,bing,30/70,0.28333333,0.06666666666666667,0.5
362,google,True,FGSM,alexnet,50/50,alexnet,bing,40/60,0.38333336,0.04,0.7266666666666667
363,google,True,FGSM,alexnet,50/50,alexnet,bing,50/50,0.39666668,0.006666666666666667,0.7866666666666666
364,google,True,FGSM,alexnet,50/50,resnet,bing,20/80,0.11,0.05333333333333334,0.16666666666666666
365,google,True,FGSM,alexnet,50/50,resnet,bing,30/70,0.14,0.03333333333333333,0.24666666666666667
366,google,True,FGSM,alexnet,50/50,resnet,bing,40/60,0.23,0.0,0.46
367,google,True,FGSM,alexnet,50/50,resnet,bing,50/50,0.30666667,0.0,0.6133333333333333
368,google,True,FGSM,alexnet,50/50,vgg,bing,20/80,0.07,0.13333333333333333,0.006666666666666667
369,google,True,FGSM,alexnet,50/50,vgg,bing,30/70,0.08,0.12666666666666668,0.03333333333333333
370,google,True,FGSM,alexnet,50/50,vgg,bing,40/60,0.08,0.03333333333333333,0.12666666666666668
371,google,True,FGSM,alexnet,50/50,vgg,bing,50/50,0.13666667,0.02,0.25333333333333335
372,google,True,FGSM,alexnet,50/50,alexnet,google,20/80,0.331058,0.013888888888888888,0.6375838926174496
373,google,True,FGSM,alexnet,50/50,alexnet,google,30/70,0.347973,0.0136986301369863,0.6733333333333333
374,google,True,FGSM,alexnet,50/50,alexnet,google,40/60,0.38305083,0.013605442176870748,0.75
375,google,True,FGSM,alexnet,50/50,alexnet,google,50/50,0.38435373,0.006802721088435374,0.7619047619047619
376,google,True,FGSM,alexnet,50/50,resnet,google,20/80,0.17966102,0.0,0.35333333333333333
377,google,True,FGSM,alexnet,50/50,resnet,google,30/70,0.19397993,0.0,0.38666666666666666
378,google,True,FGSM,alexnet,50/50,resnet,google,40/60,0.23232323,0.0,0.46621621621621623
379,google,True,FGSM,alexnet,50/50,resnet,google,50/50,0.25762713,0.0,0.5205479452054794
380,google,True,FGSM,alexnet,50/50,vgg,google,20/80,0.057239056,0.07482993197278912,0.04
381,google,True,FGSM,alexnet,50/50,vgg,google,30/70,0.09364548,0.013422818791946308,0.17333333333333334
382,google,True,FGSM,alexnet,50/50,vgg,google,40/60,0.1043771,0.020134228187919462,0.1891891891891892
383,google,True,FGSM,alexnet,50/50,vgg,google,50/50,0.15151514,0.006711409395973154,0.2972972972972973
384,google,True,FGSM,resnet,20/80,alexnet,bing,20/80,0.07,0.02666666666666667,0.11333333333333333
385,google,True,FGSM,resnet,20/80,alexnet,bing,30/70,0.07,0.0,0.14
386,google,True,FGSM,resnet,20/80,alexnet,bing,40/60,0.14333333,0.0,0.2866666666666667
387,google,True,FGSM,resnet,20/80,alexnet,bing,50/50,0.21333334,0.0,0.4266666666666667
388,google,True,FGSM,resnet,20/80,resnet,bing,20/80,0.27,0.10666666666666667,0.43333333333333335
389,google,True,FGSM,resnet,20/80,resnet,bing,30/70,0.31666666,0.08666666666666667,0.5466666666666666
390,google,True,FGSM,resnet,20/80,resnet,bing,40/60,0.37666667,0.04,0.7133333333333334
391,google,True,FGSM,resnet,20/80,resnet,bing,50/50,0.43333334,0.013333333333333334,0.8533333333333334
392,google,True,FGSM,resnet,20/80,vgg,bing,20/80,0.09666667,0.13333333333333333,0.06
393,google,True,FGSM,resnet,20/80,vgg,bing,30/70,0.1,0.13333333333333333,0.06666666666666667
394,google,True,FGSM,resnet,20/80,vgg,bing,40/60,0.15333334,0.02666666666666667,0.28
395,google,True,FGSM,resnet,20/80,vgg,bing,50/50,0.21666667,0.02,0.41333333333333333
396,google,True,FGSM,resnet,20/80,alexnet,google,20/80,0.11945392,0.0,0.2348993288590604
397,google,True,FGSM,resnet,20/80,alexnet,google,30/70,0.1418919,0.0,0.28
398,google,True,FGSM,resnet,20/80,alexnet,google,40/60,0.19661017,0.006802721088435374,0.38513513513513514
399,google,True,FGSM,resnet,20/80,alexnet,google,50/50,0.20408162,0.0,0.40816326530612246
400,google,True,FGSM,resnet,20/80,resnet,google,20/80,0.36610168,0.06206896551724138,0.66
401,google,True,FGSM,resnet,20/80,resnet,google,30/70,0.29765886,0.04697986577181208,0.5466666666666666
402,google,True,FGSM,resnet,20/80,resnet,google,40/60,0.36363634,0.026845637583892617,0.7027027027027027
403,google,True,FGSM,resnet,20/80,resnet,google,50/50,0.36610168,0.0,0.7397260273972602
404,google,True,FGSM,resnet,20/80,vgg,google,20/80,0.08754209,0.06802721088435375,0.10666666666666667
405,google,True,FGSM,resnet,20/80,vgg,google,30/70,0.180602,0.026845637583892617,0.3333333333333333
406,google,True,FGSM,resnet,20/80,vgg,google,40/60,0.1919192,0.03355704697986577,0.35135135135135137
407,google,True,FGSM,resnet,20/80,vgg,google,50/50,0.23232323,0.006711409395973154,0.4594594594594595
408,google,True,FGSM,resnet,30/70,alexnet,bing,20/80,0.05666667,0.02,0.09333333333333334
409,google,True,FGSM,resnet,30/70,alexnet,bing,30/70,0.07666667,0.006666666666666667,0.14666666666666667
410,google,True,FGSM,resnet,30/70,alexnet,bing,40/60,0.14333333,0.0,0.2866666666666667
411,google,True,FGSM,resnet,30/70,alexnet,bing,50/50,0.21000001,0.0,0.42
412,google,True,FGSM,resnet,30/70,resnet,bing,20/80,0.2,0.06666666666666667,0.3333333333333333
413,google,True,FGSM,resnet,30/70,resnet,bing,30/70,0.25,0.04666666666666667,0.4533333333333333
414,google,True,FGSM,resnet,30/70,resnet,bing,40/60,0.32,0.02666666666666667,0.6133333333333333
415,google,True,FGSM,resnet,30/70,resnet,bing,50/50,0.37333333,0.006666666666666667,0.74
416,google,True,FGSM,resnet,30/70,vgg,bing,20/80,0.083333336,0.12,0.04666666666666667
417,google,True,FGSM,resnet,30/70,vgg,bing,30/70,0.10333334,0.12,0.08666666666666667
418,google,True,FGSM,resnet,30/70,vgg,bing,40/60,0.15666667,0.04,0.2733333333333333
419,google,True,FGSM,resnet,30/70,vgg,bing,50/50,0.21666667,0.02666666666666667,0.4066666666666667
420,google,True,FGSM,resnet,30/70,alexnet,google,20/80,0.11604095,0.0,0.22818791946308725
421,google,True,FGSM,resnet,30/70,alexnet,google,30/70,0.13175675,0.0,0.26
422,google,True,FGSM,resnet,30/70,alexnet,google,40/60,0.18644068,0.0,0.3716216216216216
423,google,True,FGSM,resnet,30/70,alexnet,google,50/50,0.1972789,0.0,0.3945578231292517
424,google,True,FGSM,resnet,30/70,resnet,google,20/80,0.29152542,0.034482758620689655,0.54
425,google,True,FGSM,resnet,30/70,resnet,google,30/70,0.32107022,0.040268456375838924,0.6
426,google,True,FGSM,resnet,30/70,resnet,google,40/60,0.32323232,0.013422818791946308,0.6351351351351351
427,google,True,FGSM,resnet,30/70,resnet,google,50/50,0.35254237,0.0,0.7123287671232876
428,google,True,FGSM,resnet,30/70,vgg,google,20/80,0.1010101,0.08843537414965986,0.11333333333333333
429,google,True,FGSM,resnet,30/70,vgg,google,30/70,0.18394649,0.026845637583892617,0.34
430,google,True,FGSM,resnet,30/70,vgg,google,40/60,0.16835016,0.020134228187919462,0.31756756756756754
431,google,True,FGSM,resnet,30/70,vgg,google,50/50,0.21885522,0.006711409395973154,0.43243243243243246
432,google,True,FGSM,resnet,40/60,alexnet,bing,20/80,0.053333335,0.02,0.08666666666666667
433,google,True,FGSM,resnet,40/60,alexnet,bing,30/70,0.07,0.006666666666666667,0.13333333333333333
434,google,True,FGSM,resnet,40/60,alexnet,bing,40/60,0.15,0.0,0.3
435,google,True,FGSM,resnet,40/60,alexnet,bing,50/50,0.21333334,0.0,0.4266666666666667
