,source_dataset,isMath,attack,source_model,source_balancing,target_model,target_dataset,target_balancing,asr,asr_0,asr_1
0,bing,True,PGD,alexnet,20/80,alexnet,bing,20/80,0.17361112,0.10869565217391304,0.23333333333333334
1,bing,True,PGD,alexnet,20/80,alexnet,bing,30/70,0.17465754,0.07746478873239436,0.26666666666666666
2,bing,True,PGD,alexnet,20/80,alexnet,bing,40/60,0.21768707,0.041379310344827586,0.38926174496644295
3,bing,True,PGD,alexnet,20/80,alexnet,bing,50/50,0.26101694,0.0273972602739726,0.4899328859060403
4,bing,True,PGD,alexnet,20/80,resnet,bing,20/80,0.054607507,0.07692307692307693,0.03333333333333333
5,bing,True,PGD,alexnet,20/80,resnet,bing,30/70,0.047619045,0.027777777777777776,0.06666666666666667
6,bing,True,PGD,alexnet,20/80,resnet,bing,40/60,0.12881356,0.0,0.25333333333333335
7,bing,True,PGD,alexnet,20/80,resnet,bing,50/50,0.21283785,0.0,0.42
8,bing,True,PGD,alexnet,20/80,vgg,bing,20/80,0.16271186,0.31724137931034485,0.013333333333333334
9,bing,True,PGD,alexnet,20/80,vgg,bing,30/70,0.1632653,0.3194444444444444,0.013333333333333334
10,bing,True,PGD,alexnet,20/80,vgg,bing,40/60,0.06440678,0.05517241379310345,0.07333333333333333
11,bing,True,PGD,alexnet,20/80,vgg,bing,50/50,0.084745765,0.027586206896551724,0.14
12,bing,True,PGD,alexnet,20/80,alexnet,google,20/80,0.15,0.12,0.18
13,bing,True,PGD,alexnet,20/80,alexnet,google,30/70,0.17666668,0.08,0.2733333333333333
14,bing,True,PGD,alexnet,20/80,alexnet,google,40/60,0.21333334,0.05333333333333334,0.37333333333333335
15,bing,True,PGD,alexnet,20/80,alexnet,google,50/50,0.28333333,0.04666666666666667,0.52
16,bing,True,PGD,alexnet,20/80,resnet,google,20/80,0.1,0.06,0.14
17,bing,True,PGD,alexnet,20/80,resnet,google,30/70,0.06666667,0.03333333333333333,0.1
18,bing,True,PGD,alexnet,20/80,resnet,google,40/60,0.11333334,0.02,0.20666666666666667
19,bing,True,PGD,alexnet,20/80,resnet,google,50/50,0.18333334,0.013333333333333334,0.35333333333333333
20,bing,True,PGD,alexnet,20/80,vgg,google,20/80,0.15666667,0.3,0.013333333333333334
21,bing,True,PGD,alexnet,20/80,vgg,google,30/70,0.093333334,0.14,0.04666666666666667
22,bing,True,PGD,alexnet,20/80,vgg,google,40/60,0.07333334,0.08666666666666667,0.06
23,bing,True,PGD,alexnet,20/80,vgg,google,50/50,0.08,0.06666666666666667,0.09333333333333334
24,bing,True,PGD,alexnet,30/70,alexnet,bing,20/80,0.15625,0.08695652173913043,0.22
25,bing,True,PGD,alexnet,30/70,alexnet,bing,30/70,0.1849315,0.08450704225352113,0.28
26,bing,True,PGD,alexnet,30/70,alexnet,bing,40/60,0.2244898,0.027586206896551724,0.4161073825503356
27,bing,True,PGD,alexnet,30/70,alexnet,bing,50/50,0.27118644,0.0273972602739726,0.5100671140939598
28,bing,True,PGD,alexnet,30/70,resnet,bing,20/80,0.054607507,0.07692307692307693,0.03333333333333333
29,bing,True,PGD,alexnet,30/70,resnet,bing,30/70,0.047619045,0.034722222222222224,0.06
30,bing,True,PGD,alexnet,30/70,resnet,bing,40/60,0.12881356,0.0,0.25333333333333335
31,bing,True,PGD,alexnet,30/70,resnet,bing,50/50,0.21283785,0.0,0.42
32,bing,True,PGD,alexnet,30/70,vgg,bing,20/80,0.16271186,0.31724137931034485,0.013333333333333334
33,bing,True,PGD,alexnet,30/70,vgg,bing,30/70,0.16666666,0.3194444444444444,0.02
34,bing,True,PGD,alexnet,30/70,vgg,bing,40/60,0.06440678,0.06206896551724138,0.06666666666666667
35,bing,True,PGD,alexnet,30/70,vgg,bing,50/50,0.094915256,0.034482758620689655,0.15333333333333332
36,bing,True,PGD,alexnet,30/70,alexnet,google,20/80,0.16,0.14,0.18
37,bing,True,PGD,alexnet,30/70,alexnet,google,30/70,0.18333334,0.08666666666666667,0.28
38,bing,True,PGD,alexnet,30/70,alexnet,google,40/60,0.21666667,0.05333333333333334,0.38
39,bing,True,PGD,alexnet,30/70,alexnet,google,50/50,0.26666668,0.03333333333333333,0.5
40,bing,True,PGD,alexnet,30/70,resnet,google,20/80,0.09666667,0.06666666666666667,0.12666666666666668
41,bing,True,PGD,alexnet,30/70,resnet,google,30/70,0.09666667,0.05333333333333334,0.14
42,bing,True,PGD,alexnet,30/70,resnet,google,40/60,0.11333334,0.02666666666666667,0.2
43,bing,True,PGD,alexnet,30/70,resnet,google,50/50,0.17666668,0.013333333333333334,0.34
44,bing,True,PGD,alexnet,30/70,vgg,google,20/80,0.17666668,0.32,0.03333333333333333
45,bing,True,PGD,alexnet,30/70,vgg,google,30/70,0.09,0.13333333333333333,0.04666666666666667
46,bing,True,PGD,alexnet,30/70,vgg,google,40/60,0.07,0.09333333333333334,0.04666666666666667
47,bing,True,PGD,alexnet,30/70,vgg,google,50/50,0.083333336,0.05333333333333334,0.11333333333333333
48,bing,True,PGD,alexnet,40/60,alexnet,bing,20/80,0.18055555,0.11594202898550725,0.24
49,bing,True,PGD,alexnet,40/60,alexnet,bing,30/70,0.2089041,0.08450704225352113,0.32666666666666666
50,bing,True,PGD,alexnet,40/60,alexnet,bing,40/60,0.26190475,0.05517241379310345,0.46308724832214765
51,bing,True,PGD,alexnet,40/60,alexnet,bing,50/50,0.31864408,0.03424657534246575,0.5973154362416108
52,bing,True,PGD,alexnet,40/60,resnet,bing,20/80,0.051194537,0.07692307692307693,0.02666666666666667
53,bing,True,PGD,alexnet,40/60,resnet,bing,30/70,0.05782313,0.04861111111111111,0.06666666666666667
54,bing,True,PGD,alexnet,40/60,resnet,bing,40/60,0.12881356,0.0,0.25333333333333335
55,bing,True,PGD,alexnet,40/60,resnet,bing,50/50,0.22972974,0.0,0.4533333333333333
56,bing,True,PGD,alexnet,40/60,vgg,bing,20/80,0.17288135,0.3448275862068966,0.006666666666666667
57,bing,True,PGD,alexnet,40/60,vgg,bing,30/70,0.16666666,0.3125,0.02666666666666667
58,bing,True,PGD,alexnet,40/60,vgg,bing,40/60,0.06440678,0.04827586206896552,0.08
59,bing,True,PGD,alexnet,40/60,vgg,bing,50/50,0.09152542,0.034482758620689655,0.14666666666666667
60,bing,True,PGD,alexnet,40/60,alexnet,google,20/80,0.18333334,0.12666666666666668,0.24
61,bing,True,PGD,alexnet,40/60,alexnet,google,30/70,0.22666667,0.08666666666666667,0.36666666666666664
62,bing,True,PGD,alexnet,40/60,alexnet,google,40/60,0.25333333,0.05333333333333334,0.4533333333333333
63,bing,True,PGD,alexnet,40/60,alexnet,google,50/50,0.32,0.05333333333333334,0.5866666666666667
64,bing,True,PGD,alexnet,40/60,resnet,google,20/80,0.093333334,0.06666666666666667,0.12
65,bing,True,PGD,alexnet,40/60,resnet,google,30/70,0.07,0.04,0.1
66,bing,True,PGD,alexnet,40/60,resnet,google,40/60,0.12666667,0.02,0.23333333333333334
67,bing,True,PGD,alexnet,40/60,resnet,google,50/50,0.19,0.02,0.36
68,bing,True,PGD,alexnet,40/60,vgg,google,20/80,0.18,0.3333333333333333,0.02666666666666667
69,bing,True,PGD,alexnet,40/60,vgg,google,30/70,0.083333336,0.12,0.04666666666666667
70,bing,True,PGD,alexnet,40/60,vgg,google,40/60,0.06666667,0.08,0.05333333333333334
71,bing,True,PGD,alexnet,40/60,vgg,google,50/50,0.086666666,0.06666666666666667,0.10666666666666667
72,bing,True,PGD,alexnet,50/50,alexnet,bing,20/80,0.14236112,0.07971014492753623,0.2
73,bing,True,PGD,alexnet,50/50,alexnet,bing,30/70,0.16780822,0.06338028169014084,0.26666666666666666
74,bing,True,PGD,alexnet,50/50,alexnet,bing,40/60,0.23809524,0.041379310344827586,0.42953020134228187
75,bing,True,PGD,alexnet,50/50,alexnet,bing,50/50,0.30508474,0.0410958904109589,0.5637583892617449
76,bing,True,PGD,alexnet,50/50,resnet,bing,20/80,0.047781568,0.06293706293706294,0.03333333333333333
77,bing,True,PGD,alexnet,50/50,resnet,bing,30/70,0.040816326,0.027777777777777776,0.05333333333333334
78,bing,True,PGD,alexnet,50/50,resnet,bing,40/60,0.108474575,0.0,0.21333333333333335
79,bing,True,PGD,alexnet,50/50,resnet,bing,50/50,0.2027027,0.0,0.4
80,bing,True,PGD,alexnet,50/50,vgg,bing,20/80,0.16271186,0.32413793103448274,0.006666666666666667
81,bing,True,PGD,alexnet,50/50,vgg,bing,30/70,0.16666666,0.3194444444444444,0.02
82,bing,True,PGD,alexnet,50/50,vgg,bing,40/60,0.050847456,0.034482758620689655,0.06666666666666667
83,bing,True,PGD,alexnet,50/50,vgg,bing,50/50,0.09152542,0.034482758620689655,0.14666666666666667
84,bing,True,PGD,alexnet,50/50,alexnet,google,20/80,0.15333334,0.12,0.18666666666666668
85,bing,True,PGD,alexnet,50/50,alexnet,google,30/70,0.19666667,0.08666666666666667,0.30666666666666664
86,bing,True,PGD,alexnet,50/50,alexnet,google,40/60,0.20666668,0.04666666666666667,0.36666666666666664
87,bing,True,PGD,alexnet,50/50,alexnet,google,50/50,0.29666668,0.04,0.5533333333333333
88,bing,True,PGD,alexnet,50/50,resnet,google,20/80,0.10666667,0.06666666666666667,0.14666666666666667
89,bing,True,PGD,alexnet,50/50,resnet,google,30/70,0.060000002,0.03333333333333333,0.08666666666666667
90,bing,True,PGD,alexnet,50/50,resnet,google,40/60,0.11333334,0.02,0.20666666666666667
91,bing,True,PGD,alexnet,50/50,resnet,google,50/50,0.17666668,0.02,0.3333333333333333
92,bing,True,PGD,alexnet,50/50,vgg,google,20/80,0.16666667,0.31333333333333335,0.02
93,bing,True,PGD,alexnet,50/50,vgg,google,30/70,0.083333336,0.11333333333333333,0.05333333333333334
94,bing,True,PGD,alexnet,50/50,vgg,google,40/60,0.07,0.07333333333333333,0.06666666666666667
95,bing,True,PGD,alexnet,50/50,vgg,google,50/50,0.08,0.05333333333333334,0.10666666666666667
96,bing,True,PGD,resnet,20/80,alexnet,bing,20/80,0.034722224,0.007246376811594203,0.06
97,bing,True,PGD,resnet,20/80,alexnet,bing,30/70,0.034246575,0.007042253521126761,0.06
98,bing,True,PGD,resnet,20/80,alexnet,bing,40/60,0.06122449,0.0,0.12080536912751678
99,bing,True,PGD,resnet,20/80,alexnet,bing,50/50,0.094915256,0.0,0.18791946308724833
100,bing,True,PGD,resnet,20/80,resnet,bing,20/80,0.331058,0.21678321678321677,0.44
101,bing,True,PGD,resnet,20/80,resnet,bing,30/70,0.3095238,0.11805555555555555,0.49333333333333335
102,bing,True,PGD,resnet,20/80,resnet,bing,40/60,0.35254237,0.013793103448275862,0.68
103,bing,True,PGD,resnet,20/80,resnet,bing,50/50,0.4256757,0.0,0.84
104,bing,True,PGD,resnet,20/80,vgg,bing,20/80,0.15254237,0.30344827586206896,0.006666666666666667
105,bing,True,PGD,resnet,20/80,vgg,bing,30/70,0.15646258,0.3055555555555556,0.013333333333333334
106,bing,True,PGD,resnet,20/80,vgg,bing,40/60,0.09152542,0.06896551724137931,0.11333333333333333
107,bing,True,PGD,resnet,20/80,vgg,bing,50/50,0.1559322,0.034482758620689655,0.2733333333333333
108,bing,True,PGD,resnet,20/80,alexnet,google,20/80,0.033333335,0.02666666666666667,0.04
109,bing,True,PGD,resnet,20/80,alexnet,google,30/70,0.07333334,0.02,0.12666666666666668
110,bing,True,PGD,resnet,20/80,alexnet,google,40/60,0.123333335,0.02,0.22666666666666666
111,bing,True,PGD,resnet,20/80,alexnet,google,50/50,0.15666667,0.013333333333333334,0.3
112,bing,True,PGD,resnet,20/80,resnet,google,20/80,0.34333333,0.13333333333333333,0.5533333333333333
113,bing,True,PGD,resnet,20/80,resnet,google,30/70,0.22666667,0.06666666666666667,0.38666666666666666
114,bing,True,PGD,resnet,20/80,resnet,google,40/60,0.32333335,0.04,0.6066666666666667
115,bing,True,PGD,resnet,20/80,resnet,google,50/50,0.37333333,0.02,0.7266666666666667
116,bing,True,PGD,resnet,20/80,vgg,google,20/80,0.16666667,0.3,0.03333333333333333
117,bing,True,PGD,resnet,20/80,vgg,google,30/70,0.10666667,0.13333333333333333,0.08
118,bing,True,PGD,resnet,20/80,vgg,google,40/60,0.11333334,0.09333333333333334,0.13333333333333333
119,bing,True,PGD,resnet,20/80,vgg,google,50/50,0.14666668,0.06666666666666667,0.22666666666666666
120,bing,True,PGD,resnet,30/70,alexnet,bing,20/80,0.038194444,0.007246376811594203,0.06666666666666667
121,bing,True,PGD,resnet,30/70,alexnet,bing,30/70,0.030821918,0.007042253521126761,0.05333333333333334
122,bing,True,PGD,resnet,30/70,alexnet,bing,40/60,0.07142857,0.0,0.14093959731543623
123,bing,True,PGD,resnet,30/70,alexnet,bing,50/50,0.122033894,0.0,0.24161073825503357
124,bing,True,PGD,resnet,30/70,resnet,bing,20/80,0.30716723,0.16783216783216784,0.44
125,bing,True,PGD,resnet,30/70,resnet,bing,30/70,0.3095238,0.10416666666666667,0.5066666666666667
126,bing,True,PGD,resnet,30/70,resnet,bing,40/60,0.35254237,0.013793103448275862,0.68
127,bing,True,PGD,resnet,30/70,resnet,bing,50/50,0.4222973,0.00684931506849315,0.8266666666666667
128,bing,True,PGD,resnet,30/70,vgg,bing,20/80,0.16271186,0.32413793103448274,0.006666666666666667
129,bing,True,PGD,resnet,30/70,vgg,bing,30/70,0.15986395,0.3055555555555556,0.02
130,bing,True,PGD,resnet,30/70,vgg,bing,40/60,0.108474575,0.06896551724137931,0.14666666666666667
131,bing,True,PGD,resnet,30/70,vgg,bing,50/50,0.16271186,0.041379310344827586,0.28
132,bing,True,PGD,resnet,30/70,alexnet,google,20/80,0.043333333,0.04,0.04666666666666667
133,bing,True,PGD,resnet,30/70,alexnet,google,30/70,0.07333334,0.02666666666666667,0.12
134,bing,True,PGD,resnet,30/70,alexnet,google,40/60,0.12666667,0.02,0.23333333333333334
135,bing,True,PGD,resnet,30/70,alexnet,google,50/50,0.18,0.013333333333333334,0.3466666666666667
136,bing,True,PGD,resnet,30/70,resnet,google,20/80,0.34666666,0.13333333333333333,0.56
137,bing,True,PGD,resnet,30/70,resnet,google,30/70,0.23,0.06666666666666667,0.3933333333333333
138,bing,True,PGD,resnet,30/70,resnet,google,40/60,0.32666668,0.04666666666666667,0.6066666666666667
139,bing,True,PGD,resnet,30/70,resnet,google,50/50,0.36333334,0.02,0.7066666666666667
140,bing,True,PGD,resnet,30/70,vgg,google,20/80,0.15666667,0.29333333333333333,0.02
141,bing,True,PGD,resnet,30/70,vgg,google,30/70,0.120000005,0.13333333333333333,0.10666666666666667
142,bing,True,PGD,resnet,30/70,vgg,google,40/60,0.13000001,0.10666666666666667,0.15333333333333332
143,bing,True,PGD,resnet,30/70,vgg,google,50/50,0.17333333,0.08,0.26666666666666666
144,bing,True,PGD,resnet,40/60,alexnet,bing,20/80,0.038194444,0.014492753623188406,0.06
145,bing,True,PGD,resnet,40/60,alexnet,bing,30/70,0.030821918,0.007042253521126761,0.05333333333333334
146,bing,True,PGD,resnet,40/60,alexnet,bing,40/60,0.06122449,0.0,0.12080536912751678
147,bing,True,PGD,resnet,40/60,alexnet,bing,50/50,0.10508475,0.0,0.2080536912751678
148,bing,True,PGD,resnet,40/60,resnet,bing,20/80,0.3105802,0.22377622377622378,0.3933333333333333
149,bing,True,PGD,resnet,40/60,resnet,bing,30/70,0.29591838,0.1527777777777778,0.43333333333333335
150,bing,True,PGD,resnet,40/60,resnet,bing,40/60,0.33898306,0.020689655172413793,0.6466666666666666
151,bing,True,PGD,resnet,40/60,resnet,bing,50/50,0.41891894,0.0136986301369863,0.8133333333333334
152,bing,True,PGD,resnet,40/60,vgg,bing,20/80,0.18305084,0.3586206896551724,0.013333333333333334
153,bing,True,PGD,resnet,40/60,vgg,bing,30/70,0.16666666,0.3263888888888889,0.013333333333333334
154,bing,True,PGD,resnet,40/60,vgg,bing,40/60,0.10169491,0.06896551724137931,0.13333333333333333
155,bing,True,PGD,resnet,40/60,vgg,bing,50/50,0.17966102,0.04827586206896552,0.30666666666666664
156,bing,True,PGD,resnet,40/60,alexnet,google,20/80,0.04,0.03333333333333333,0.04666666666666667
157,bing,True,PGD,resnet,40/60,alexnet,google,30/70,0.07,0.02666666666666667,0.11333333333333333
158,bing,True,PGD,resnet,40/60,alexnet,google,40/60,0.11666667,0.02,0.21333333333333335
159,bing,True,PGD,resnet,40/60,alexnet,google,50/50,0.17,0.02,0.32
160,bing,True,PGD,resnet,40/60,resnet,google,20/80,0.30666667,0.14666666666666667,0.4666666666666667
161,bing,True,PGD,resnet,40/60,resnet,google,30/70,0.22333334,0.09333333333333334,0.35333333333333333
162,bing,True,PGD,resnet,40/60,resnet,google,40/60,0.30333334,0.06,0.5466666666666666
163,bing,True,PGD,resnet,40/60,resnet,google,50/50,0.36333334,0.02666666666666667,0.7
164,bing,True,PGD,resnet,40/60,vgg,google,20/80,0.18333334,0.34,0.02666666666666667
165,bing,True,PGD,resnet,40/60,vgg,google,30/70,0.123333335,0.15333333333333332,0.09333333333333334
166,bing,True,PGD,resnet,40/60,vgg,google,40/60,0.11666667,0.10666666666666667,0.12666666666666668
167,bing,True,PGD,resnet,40/60,vgg,google,50/50,0.15666667,0.08,0.23333333333333334
168,bing,True,PGD,resnet,50/50,alexnet,bing,20/80,0.038194444,0.021739130434782608,0.05333333333333334
169,bing,True,PGD,resnet,50/50,alexnet,bing,30/70,0.034246575,0.007042253521126761,0.06
170,bing,True,PGD,resnet,50/50,alexnet,bing,40/60,0.040816326,0.0,0.08053691275167785
171,bing,True,PGD,resnet,50/50,alexnet,bing,50/50,0.094915256,0.0,0.18791946308724833
172,bing,True,PGD,resnet,50/50,resnet,bing,20/80,0.23890784,0.1888111888111888,0.2866666666666667
173,bing,True,PGD,resnet,50/50,resnet,bing,30/70,0.27891156,0.14583333333333334,0.4066666666666667
174,bing,True,PGD,resnet,50/50,resnet,bing,40/60,0.3322034,0.027586206896551724,0.6266666666666667
175,bing,True,PGD,resnet,50/50,resnet,bing,50/50,0.41891894,0.02054794520547945,0.8066666666666666
176,bing,True,PGD,resnet,50/50,vgg,bing,20/80,0.17966102,0.35172413793103446,0.013333333333333334
177,bing,True,PGD,resnet,50/50,vgg,bing,30/70,0.17346938,0.3263888888888889,0.02666666666666667
178,bing,True,PGD,resnet,50/50,vgg,bing,40/60,0.08813559,0.06896551724137931,0.10666666666666667
179,bing,True,PGD,resnet,50/50,vgg,bing,50/50,0.17627119,0.06206896551724138,0.2866666666666667
180,bing,True,PGD,resnet,50/50,alexnet,google,20/80,0.03666667,0.03333333333333333,0.04
181,bing,True,PGD,resnet,50/50,alexnet,google,30/70,0.060000002,0.02666666666666667,0.09333333333333334
182,bing,True,PGD,resnet,50/50,alexnet,google,40/60,0.11,0.02,0.2
183,bing,True,PGD,resnet,50/50,alexnet,google,50/50,0.15,0.02,0.28
184,bing,True,PGD,resnet,50/50,resnet,google,20/80,0.29666668,0.14,0.4533333333333333
185,bing,True,PGD,resnet,50/50,resnet,google,30/70,0.20333333,0.1,0.30666666666666664
186,bing,True,PGD,resnet,50/50,resnet,google,40/60,0.29666668,0.06666666666666667,0.5266666666666666
187,bing,True,PGD,resnet,50/50,resnet,google,50/50,0.35333335,0.04,0.6666666666666666
188,bing,True,PGD,resnet,50/50,vgg,google,20/80,0.18,0.34,0.02
189,bing,True,PGD,resnet,50/50,vgg,google,30/70,0.120000005,0.14666666666666667,0.09333333333333334
190,bing,True,PGD,resnet,50/50,vgg,google,40/60,0.11666667,0.10666666666666667,0.12666666666666668
191,bing,True,PGD,resnet,50/50,vgg,google,50/50,0.16,0.07333333333333333,0.24666666666666667
192,bing,True,PGD,vgg,20/80,alexnet,bing,20/80,0.027777778,0.007246376811594203,0.04666666666666667
193,bing,True,PGD,vgg,20/80,alexnet,bing,30/70,0.030821918,0.007042253521126761,0.05333333333333334
194,bing,True,PGD,vgg,20/80,alexnet,bing,40/60,0.044217687,0.0,0.087248322147651
195,bing,True,PGD,vgg,20/80,alexnet,bing,50/50,0.0779661,0.0,0.15436241610738255
196,bing,True,PGD,vgg,20/80,resnet,bing,20/80,0.03412969,0.027972027972027972,0.04
197,bing,True,PGD,vgg,20/80,resnet,bing,30/70,0.044217687,0.013888888888888888,0.07333333333333333
198,bing,True,PGD,vgg,20/80,resnet,bing,40/60,0.098305084,0.0,0.19333333333333333
199,bing,True,PGD,vgg,20/80,resnet,bing,50/50,0.20945947,0.0,0.41333333333333333
200,bing,True,PGD,vgg,20/80,vgg,bing,20/80,0.20677966,0.4,0.02
201,bing,True,PGD,vgg,20/80,vgg,bing,30/70,0.2244898,0.3958333333333333,0.06
202,bing,True,PGD,vgg,20/80,vgg,bing,40/60,0.1559322,0.1103448275862069,0.2
203,bing,True,PGD,vgg,20/80,vgg,bing,50/50,0.2779661,0.0896551724137931,0.46
204,bing,True,PGD,vgg,20/80,alexnet,google,20/80,0.03666667,0.03333333333333333,0.04
205,bing,True,PGD,vgg,20/80,alexnet,google,30/70,0.060000002,0.02666666666666667,0.09333333333333334
206,bing,True,PGD,vgg,20/80,alexnet,google,40/60,0.07666667,0.02,0.13333333333333333
207,bing,True,PGD,vgg,20/80,alexnet,google,50/50,0.15,0.013333333333333334,0.2866666666666667
208,bing,True,PGD,vgg,20/80,resnet,google,20/80,0.09,0.04666666666666667,0.13333333333333333
209,bing,True,PGD,vgg,20/80,resnet,google,30/70,0.053333335,0.02,0.08666666666666667
210,bing,True,PGD,vgg,20/80,resnet,google,40/60,0.10333334,0.02,0.18666666666666668
211,bing,True,PGD,vgg,20/80,resnet,google,50/50,0.15666667,0.013333333333333334,0.3
212,bing,True,PGD,vgg,20/80,vgg,google,20/80,0.22,0.36,0.08
213,bing,True,PGD,vgg,20/80,vgg,google,30/70,0.18333334,0.18666666666666668,0.18
214,bing,True,PGD,vgg,20/80,vgg,google,40/60,0.15666667,0.14,0.17333333333333334
215,bing,True,PGD,vgg,20/80,vgg,google,50/50,0.24333334,0.12,0.36666666666666664
216,bing,True,PGD,vgg,30/70,alexnet,bing,20/80,0.027777778,0.007246376811594203,0.04666666666666667
217,bing,True,PGD,vgg,30/70,alexnet,bing,30/70,0.02739726,0.007042253521126761,0.04666666666666667
218,bing,True,PGD,vgg,30/70,alexnet,bing,40/60,0.037414964,0.0,0.0738255033557047
219,bing,True,PGD,vgg,30/70,alexnet,bing,50/50,0.07457627,0.0,0.1476510067114094
220,bing,True,PGD,vgg,30/70,resnet,bing,20/80,0.03412969,0.02097902097902098,0.04666666666666667
221,bing,True,PGD,vgg,30/70,resnet,bing,30/70,0.037414964,0.0,0.07333333333333333
222,bing,True,PGD,vgg,30/70,resnet,bing,40/60,0.1118644,0.0,0.22
223,bing,True,PGD,vgg,30/70,resnet,bing,50/50,0.1891892,0.0,0.37333333333333335
224,bing,True,PGD,vgg,30/70,vgg,bing,20/80,0.20677966,0.4,0.02
225,bing,True,PGD,vgg,30/70,vgg,bing,30/70,0.23469387,0.4097222222222222,0.06666666666666667
226,bing,True,PGD,vgg,30/70,vgg,bing,40/60,0.15254237,0.0896551724137931,0.21333333333333335
227,bing,True,PGD,vgg,30/70,vgg,bing,50/50,0.26440677,0.07586206896551724,0.44666666666666666
228,bing,True,PGD,vgg,30/70,alexnet,google,20/80,0.04,0.04,0.04
229,bing,True,PGD,vgg,30/70,alexnet,google,30/70,0.053333335,0.02,0.08666666666666667
230,bing,True,PGD,vgg,30/70,alexnet,google,40/60,0.083333336,0.02,0.14666666666666667
231,bing,True,PGD,vgg,30/70,alexnet,google,50/50,0.13333334,0.02,0.24666666666666667
232,bing,True,PGD,vgg,30/70,resnet,google,20/80,0.086666666,0.04,0.13333333333333333
233,bing,True,PGD,vgg,30/70,resnet,google,30/70,0.053333335,0.02666666666666667,0.08
234,bing,True,PGD,vgg,30/70,resnet,google,40/60,0.11,0.02,0.2
235,bing,True,PGD,vgg,30/70,resnet,google,50/50,0.17,0.013333333333333334,0.32666666666666666
236,bing,True,PGD,vgg,30/70,vgg,google,20/80,0.22333334,0.36666666666666664,0.08
237,bing,True,PGD,vgg,30/70,vgg,google,30/70,0.19,0.20666666666666667,0.17333333333333334
238,bing,True,PGD,vgg,30/70,vgg,google,40/60,0.16666667,0.15333333333333332,0.18
239,bing,True,PGD,vgg,30/70,vgg,google,50/50,0.22666667,0.1,0.35333333333333333
240,bing,True,PGD,vgg,40/60,alexnet,bing,20/80,0.024305556,0.007246376811594203,0.04
241,bing,True,PGD,vgg,40/60,alexnet,bing,30/70,0.030821918,0.007042253521126761,0.05333333333333334
242,bing,True,PGD,vgg,40/60,alexnet,bing,40/60,0.034013607,0.0,0.06711409395973154
243,bing,True,PGD,vgg,40/60,alexnet,bing,50/50,0.06440678,0.0,0.12751677852348994
244,bing,True,PGD,vgg,40/60,resnet,bing,20/80,0.030716723,0.02097902097902098,0.04
245,bing,True,PGD,vgg,40/60,resnet,bing,30/70,0.037414964,0.013888888888888888,0.06
246,bing,True,PGD,vgg,40/60,resnet,bing,40/60,0.10169491,0.0,0.2
247,bing,True,PGD,vgg,40/60,resnet,bing,50/50,0.18581082,0.0,0.36666666666666664
248,bing,True,PGD,vgg,40/60,vgg,bing,20/80,0.2101695,0.4068965517241379,0.02
249,bing,True,PGD,vgg,40/60,vgg,bing,30/70,0.23129252,0.4097222222222222,0.06
250,bing,True,PGD,vgg,40/60,vgg,bing,40/60,0.17966102,0.1793103448275862,0.18
251,bing,True,PGD,vgg,40/60,vgg,bing,50/50,0.27118644,0.11724137931034483,0.42
252,bing,True,PGD,vgg,40/60,alexnet,google,20/80,0.04,0.04,0.04
253,bing,True,PGD,vgg,40/60,alexnet,google,30/70,0.05,0.02666666666666667,0.07333333333333333
254,bing,True,PGD,vgg,40/60,alexnet,google,40/60,0.07333334,0.02,0.12666666666666668
255,bing,True,PGD,vgg,40/60,alexnet,google,50/50,0.123333335,0.02,0.22666666666666666
256,bing,True,PGD,vgg,40/60,resnet,google,20/80,0.08,0.04,0.12
257,bing,True,PGD,vgg,40/60,resnet,google,30/70,0.05,0.02666666666666667,0.07333333333333333
258,bing,True,PGD,vgg,40/60,resnet,google,40/60,0.10666667,0.02,0.19333333333333333
259,bing,True,PGD,vgg,40/60,resnet,google,50/50,0.15,0.013333333333333334,0.2866666666666667
260,bing,True,PGD,vgg,40/60,vgg,google,20/80,0.22666667,0.38666666666666666,0.06666666666666667
261,bing,True,PGD,vgg,40/60,vgg,google,30/70,0.19333334,0.23333333333333334,0.15333333333333332
262,bing,True,PGD,vgg,40/60,vgg,google,40/60,0.17,0.18666666666666668,0.15333333333333332
263,bing,True,PGD,vgg,40/60,vgg,google,50/50,0.22333334,0.13333333333333333,0.31333333333333335
264,bing,True,PGD,vgg,50/50,alexnet,bing,20/80,0.024305556,0.007246376811594203,0.04
265,bing,True,PGD,vgg,50/50,alexnet,bing,30/70,0.02739726,0.007042253521126761,0.04666666666666667
266,bing,True,PGD,vgg,50/50,alexnet,bing,40/60,0.037414964,0.0,0.0738255033557047
267,bing,True,PGD,vgg,50/50,alexnet,bing,50/50,0.05762712,0.0,0.11409395973154363
268,bing,True,PGD,vgg,50/50,resnet,bing,20/80,0.03412969,0.03496503496503497,0.03333333333333333
269,bing,True,PGD,vgg,50/50,resnet,bing,30/70,0.037414964,0.006944444444444444,0.06666666666666667
270,bing,True,PGD,vgg,50/50,resnet,bing,40/60,0.10169491,0.0,0.2
271,bing,True,PGD,vgg,50/50,resnet,bing,50/50,0.1891892,0.0,0.37333333333333335
272,bing,True,PGD,vgg,50/50,vgg,bing,20/80,0.21694915,0.4206896551724138,0.02
273,bing,True,PGD,vgg,50/50,vgg,bing,30/70,0.24489796,0.4375,0.06
274,bing,True,PGD,vgg,50/50,vgg,bing,40/60,0.16949153,0.16551724137931034,0.17333333333333334
275,bing,True,PGD,vgg,50/50,vgg,bing,50/50,0.2677966,0.1103448275862069,0.42
276,bing,True,PGD,vgg,50/50,alexnet,google,20/80,0.043333333,0.04,0.04666666666666667
277,bing,True,PGD,vgg,50/50,alexnet,google,30/70,0.046666667,0.02666666666666667,0.06666666666666667
278,bing,True,PGD,vgg,50/50,alexnet,google,40/60,0.09,0.02,0.16
279,bing,True,PGD,vgg,50/50,alexnet,google,50/50,0.13000001,0.02,0.24
280,bing,True,PGD,vgg,50/50,resnet,google,20/80,0.083333336,0.04,0.12666666666666668
281,bing,True,PGD,vgg,50/50,resnet,google,30/70,0.046666667,0.02,0.07333333333333333
282,bing,True,PGD,vgg,50/50,resnet,google,40/60,0.11,0.02,0.2
283,bing,True,PGD,vgg,50/50,resnet,google,50/50,0.15666667,0.013333333333333334,0.3
284,bing,True,PGD,vgg,50/50,vgg,google,20/80,0.22333334,0.38666666666666666,0.06
285,bing,True,PGD,vgg,50/50,vgg,google,30/70,0.20666668,0.21333333333333335,0.2
286,bing,True,PGD,vgg,50/50,vgg,google,40/60,0.19333334,0.19333333333333333,0.19333333333333333
287,bing,True,PGD,vgg,50/50,vgg,google,50/50,0.24333334,0.14,0.3466666666666667
288,google,True,PGD,alexnet,20/80,alexnet,bing,20/80,0.11,0.03333333333333333,0.18666666666666668
289,google,True,PGD,alexnet,20/80,alexnet,bing,30/70,0.14,0.013333333333333334,0.26666666666666666
290,google,True,PGD,alexnet,20/80,alexnet,bing,40/60,0.23,0.013333333333333334,0.44666666666666666
291,google,True,PGD,alexnet,20/80,alexnet,bing,50/50,0.28666666,0.006666666666666667,0.5666666666666667
292,google,True,PGD,alexnet,20/80,resnet,bing,20/80,0.053333335,0.013333333333333334,0.09333333333333334
293,google,True,PGD,alexnet,20/80,resnet,bing,30/70,0.060000002,0.0,0.12
294,google,True,PGD,alexnet,20/80,resnet,bing,40/60,0.14333333,0.0,0.2866666666666667
295,google,True,PGD,alexnet,20/80,resnet,bing,50/50,0.24666667,0.0,0.49333333333333335
296,google,True,PGD,alexnet,20/80,vgg,bing,20/80,0.03666667,0.06,0.013333333333333334
297,google,True,PGD,alexnet,20/80,vgg,bing,30/70,0.05,0.06,0.04
298,google,True,PGD,alexnet,20/80,vgg,bing,40/60,0.07,0.02,0.12
299,google,True,PGD,alexnet,20/80,vgg,bing,50/50,0.10666667,0.013333333333333334,0.2
300,google,True,PGD,alexnet,20/80,alexnet,google,20/80,0.12627986,0.0,0.2483221476510067
301,google,True,PGD,alexnet,20/80,alexnet,google,30/70,0.21283785,0.0,0.42
302,google,True,PGD,alexnet,20/80,alexnet,google,40/60,0.24406779,0.006802721088435374,0.4797297297297297
303,google,True,PGD,alexnet,20/80,alexnet,google,50/50,0.28231293,0.006802721088435374,0.5578231292517006
304,google,True,PGD,alexnet,20/80,resnet,google,20/80,0.098305084,0.0,0.19333333333333333
305,google,True,PGD,alexnet,20/80,resnet,google,30/70,0.10702341,0.0,0.21333333333333335
306,google,True,PGD,alexnet,20/80,resnet,google,40/60,0.14141414,0.0,0.28378378378378377
307,google,True,PGD,alexnet,20/80,resnet,google,50/50,0.17288135,0.0,0.3493150684931507
308,google,True,PGD,alexnet,20/80,vgg,google,20/80,0.043771043,0.034013605442176874,0.05333333333333334
309,google,True,PGD,alexnet,20/80,vgg,google,30/70,0.073578596,0.013422818791946308,0.13333333333333333
310,google,True,PGD,alexnet,20/80,vgg,google,40/60,0.077441074,0.013422818791946308,0.14189189189189189
311,google,True,PGD,alexnet,20/80,vgg,google,50/50,0.1010101,0.0,0.20270270270270271
312,google,True,PGD,alexnet,30/70,alexnet,bing,20/80,0.11333334,0.04,0.18666666666666668
313,google,True,PGD,alexnet,30/70,alexnet,bing,30/70,0.13333334,0.02666666666666667,0.24
314,google,True,PGD,alexnet,30/70,alexnet,bing,40/60,0.22,0.013333333333333334,0.4266666666666667
315,google,True,PGD,alexnet,30/70,alexnet,bing,50/50,0.29666668,0.006666666666666667,0.5866666666666667
316,google,True,PGD,alexnet,30/70,resnet,bing,20/80,0.053333335,0.013333333333333334,0.09333333333333334
317,google,True,PGD,alexnet,30/70,resnet,bing,30/70,0.06333333,0.0,0.12666666666666668
318,google,True,PGD,alexnet,30/70,resnet,bing,40/60,0.15333334,0.0,0.30666666666666664
319,google,True,PGD,alexnet,30/70,resnet,bing,50/50,0.24000001,0.0,0.48
320,google,True,PGD,alexnet,30/70,vgg,bing,20/80,0.053333335,0.09333333333333334,0.013333333333333334
321,google,True,PGD,alexnet,30/70,vgg,bing,30/70,0.053333335,0.06666666666666667,0.04
322,google,True,PGD,alexnet,30/70,vgg,bing,40/60,0.05666667,0.02,0.09333333333333334
323,google,True,PGD,alexnet,30/70,vgg,bing,50/50,0.1,0.006666666666666667,0.19333333333333333
324,google,True,PGD,alexnet,30/70,alexnet,google,20/80,0.12627986,0.006944444444444444,0.24161073825503357
325,google,True,PGD,alexnet,30/70,alexnet,google,30/70,0.2195946,0.0,0.43333333333333335
326,google,True,PGD,alexnet,30/70,alexnet,google,40/60,0.22711864,0.006802721088435374,0.44594594594594594
327,google,True,PGD,alexnet,30/70,alexnet,google,50/50,0.292517,0.006802721088435374,0.5782312925170068
328,google,True,PGD,alexnet,30/70,resnet,google,20/80,0.09152542,0.0,0.18
329,google,True,PGD,alexnet,30/70,resnet,google,30/70,0.10702341,0.0,0.21333333333333335
330,google,True,PGD,alexnet,30/70,resnet,google,40/60,0.13804713,0.0,0.27702702702702703
331,google,True,PGD,alexnet,30/70,resnet,google,50/50,0.18983051,0.0,0.3835616438356164
332,google,True,PGD,alexnet,30/70,vgg,google,20/80,0.03030303,0.034013605442176874,0.02666666666666667
333,google,True,PGD,alexnet,30/70,vgg,google,30/70,0.07692308,0.006711409395973154,0.14666666666666667
334,google,True,PGD,alexnet,30/70,vgg,google,40/60,0.08417508,0.013422818791946308,0.1554054054054054
335,google,True,PGD,alexnet,30/70,vgg,google,50/50,0.1010101,0.0,0.20270270270270271
336,google,True,PGD,alexnet,40/60,alexnet,bing,20/80,0.120000005,0.04,0.2
337,google,True,PGD,alexnet,40/60,alexnet,bing,30/70,0.15333334,0.02666666666666667,0.28
338,google,True,PGD,alexnet,40/60,alexnet,bing,40/60,0.25,0.02,0.48
339,google,True,PGD,alexnet,40/60,alexnet,bing,50/50,0.30666667,0.006666666666666667,0.6066666666666667
340,google,True,PGD,alexnet,40/60,resnet,bing,20/80,0.06333333,0.02,0.10666666666666667
341,google,True,PGD,alexnet,40/60,resnet,bing,30/70,0.06666667,0.0,0.13333333333333333
342,google,True,PGD,alexnet,40/60,resnet,bing,40/60,0.15,0.0,0.3
343,google,True,PGD,alexnet,40/60,resnet,bing,50/50,0.25666666,0.0,0.5133333333333333
344,google,True,PGD,alexnet,40/60,vgg,bing,20/80,0.043333333,0.08,0.006666666666666667
345,google,True,PGD,alexnet,40/60,vgg,bing,30/70,0.07,0.08666666666666667,0.05333333333333334
346,google,True,PGD,alexnet,40/60,vgg,bing,40/60,0.06333333,0.013333333333333334,0.11333333333333333
347,google,True,PGD,alexnet,40/60,vgg,bing,50/50,0.11666667,0.013333333333333334,0.22
348,google,True,PGD,alexnet,40/60,alexnet,google,20/80,0.12627986,0.0,0.2483221476510067
349,google,True,PGD,alexnet,40/60,alexnet,google,30/70,0.21621622,0.0,0.4266666666666667
350,google,True,PGD,alexnet,40/60,alexnet,google,40/60,0.24067797,0.006802721088435374,0.47297297297297297
351,google,True,PGD,alexnet,40/60,alexnet,google,50/50,0.28571427,0.006802721088435374,0.564625850340136
352,google,True,PGD,alexnet,40/60,resnet,google,20/80,0.10508475,0.0,0.20666666666666667
353,google,True,PGD,alexnet,40/60,resnet,google,30/70,0.110367894,0.0,0.22
354,google,True,PGD,alexnet,40/60,resnet,google,40/60,0.13804713,0.0,0.27702702702702703
355,google,True,PGD,alexnet,40/60,resnet,google,50/50,0.18983051,0.0,0.3835616438356164
356,google,True,PGD,alexnet,40/60,vgg,google,20/80,0.05050505,0.05442176870748299,0.04666666666666667
357,google,True,PGD,alexnet,40/60,vgg,google,30/70,0.07692308,0.006711409395973154,0.14666666666666667
358,google,True,PGD,alexnet,40/60,vgg,google,40/60,0.07070707,0.006711409395973154,0.13513513513513514
359,google,True,PGD,alexnet,40/60,vgg,google,50/50,0.1010101,0.0,0.20270270270270271
360,google,True,PGD,alexnet,50/50,alexnet,bing,20/80,0.12666667,0.04,0.21333333333333335
361,google,True,PGD,alexnet,50/50,alexnet,bing,30/70,0.15,0.02,0.28
362,google,True,PGD,alexnet,50/50,alexnet,bing,40/60,0.24333334,0.013333333333333334,0.47333333333333333
363,google,True,PGD,alexnet,50/50,alexnet,bing,50/50,0.31333333,0.006666666666666667,0.62
364,google,True,PGD,alexnet,50/50,resnet,bing,20/80,0.060000002,0.013333333333333334,0.10666666666666667
365,google,True,PGD,alexnet,50/50,resnet,bing,30/70,0.08,0.006666666666666667,0.15333333333333332
366,google,True,PGD,alexnet,50/50,resnet,bing,40/60,0.18,0.0,0.36
367,google,True,PGD,alexnet,50/50,resnet,bing,50/50,0.26666668,0.0,0.5333333333333333
368,google,True,PGD,alexnet,50/50,vgg,bing,20/80,0.05,0.07333333333333333,0.02666666666666667
369,google,True,PGD,alexnet,50/50,vgg,bing,30/70,0.060000002,0.06666666666666667,0.05333333333333334
370,google,True,PGD,alexnet,50/50,vgg,bing,40/60,0.06666667,0.02,0.11333333333333333
371,google,True,PGD,alexnet,50/50,vgg,bing,50/50,0.11666667,0.013333333333333334,0.22
372,google,True,PGD,alexnet,50/50,alexnet,google,20/80,0.14675768,0.0,0.28859060402684567
373,google,True,PGD,alexnet,50/50,alexnet,google,30/70,0.22297297,0.0,0.44
374,google,True,PGD,alexnet,50/50,alexnet,google,40/60,0.2542373,0.006802721088435374,0.5
375,google,True,PGD,alexnet,50/50,alexnet,google,50/50,0.3197279,0.013605442176870748,0.6258503401360545
376,google,True,PGD,alexnet,50/50,resnet,google,20/80,0.11525424,0.0,0.22666666666666666
377,google,True,PGD,alexnet,50/50,resnet,google,30/70,0.12374582,0.0,0.24666666666666667
378,google,True,PGD,alexnet,50/50,resnet,google,40/60,0.16161616,0.006711409395973154,0.31756756756756754
379,google,True,PGD,alexnet,50/50,resnet,google,50/50,0.21355931,0.0,0.4315068493150685
380,google,True,PGD,alexnet,50/50,vgg,google,20/80,0.043771043,0.05442176870748299,0.03333333333333333
381,google,True,PGD,alexnet,50/50,vgg,google,30/70,0.07692308,0.013422818791946308,0.14
382,google,True,PGD,alexnet,50/50,vgg,google,40/60,0.08080808,0.013422818791946308,0.14864864864864866
383,google,True,PGD,alexnet,50/50,vgg,google,50/50,0.107744105,0.0,0.21621621621621623
384,google,True,PGD,resnet,20/80,alexnet,bing,20/80,0.03666667,0.006666666666666667,0.06666666666666667
385,google,True,PGD,resnet,20/80,alexnet,bing,30/70,0.05666667,0.013333333333333334,0.1
386,google,True,PGD,resnet,20/80,alexnet,bing,40/60,0.120000005,0.006666666666666667,0.23333333333333334
387,google,True,PGD,resnet,20/80,alexnet,bing,50/50,0.16333334,0.0,0.32666666666666666
388,google,True,PGD,resnet,20/80,resnet,bing,20/80,0.23,0.07333333333333333,0.38666666666666666
389,google,True,PGD,resnet,20/80,resnet,bing,30/70,0.23666668,0.05333333333333334,0.42
390,google,True,PGD,resnet,20/80,resnet,bing,40/60,0.32666668,0.013333333333333334,0.64
391,google,True,PGD,resnet,20/80,resnet,bing,50/50,0.40666667,0.0,0.8133333333333334
392,google,True,PGD,resnet,20/80,vgg,bing,20/80,0.06333333,0.12,0.006666666666666667
393,google,True,PGD,resnet,20/80,vgg,bing,30/70,0.083333336,0.11333333333333333,0.05333333333333334
394,google,True,PGD,resnet,20/80,vgg,bing,40/60,0.083333336,0.02,0.14666666666666667
395,google,True,PGD,resnet,20/80,vgg,bing,50/50,0.15666667,0.006666666666666667,0.30666666666666664
396,google,True,PGD,resnet,20/80,alexnet,google,20/80,0.061433446,0.0,0.12080536912751678
397,google,True,PGD,resnet,20/80,alexnet,google,30/70,0.12162162,0.0,0.24
398,google,True,PGD,resnet,20/80,alexnet,google,40/60,0.15254237,0.0,0.30405405405405406
399,google,True,PGD,resnet,20/80,alexnet,google,50/50,0.19387755,0.0,0.3877551020408163
400,google,True,PGD,resnet,20/80,resnet,google,20/80,0.3118644,0.020689655172413793,0.5933333333333334
401,google,True,PGD,resnet,20/80,resnet,google,30/70,0.24080268,0.006711409395973154,0.47333333333333333
402,google,True,PGD,resnet,20/80,resnet,google,40/60,0.2996633,0.0,0.6013513513513513
403,google,True,PGD,resnet,20/80,resnet,google,50/50,0.34915254,0.0,0.7054794520547946
404,google,True,PGD,resnet,20/80,vgg,google,20/80,0.057239056,0.05442176870748299,0.06
405,google,True,PGD,resnet,20/80,vgg,google,30/70,0.10367893,0.013422818791946308,0.19333333333333333
406,google,True,PGD,resnet,20/80,vgg,google,40/60,0.09764309,0.020134228187919462,0.17567567567567569
407,google,True,PGD,resnet,20/80,vgg,google,50/50,0.13468014,0.0,0.2702702702702703
408,google,True,PGD,resnet,30/70,alexnet,bing,20/80,0.04,0.006666666666666667,0.07333333333333333
409,google,True,PGD,resnet,30/70,alexnet,bing,30/70,0.053333335,0.013333333333333334,0.09333333333333334
410,google,True,PGD,resnet,30/70,alexnet,bing,40/60,0.123333335,0.006666666666666667,0.24
411,google,True,PGD,resnet,30/70,alexnet,bing,50/50,0.16333334,0.0,0.32666666666666666
412,google,True,PGD,resnet,30/70,resnet,bing,20/80,0.15666667,0.04666666666666667,0.26666666666666666
413,google,True,PGD,resnet,30/70,resnet,bing,30/70,0.19,0.03333333333333333,0.3466666666666667
414,google,True,PGD,resnet,30/70,resnet,bing,40/60,0.28,0.0,0.56
415,google,True,PGD,resnet,30/70,resnet,bing,50/50,0.37333333,0.0,0.7466666666666667
416,google,True,PGD,resnet,30/70,vgg,bing,20/80,0.05666667,0.1,0.013333333333333334
417,google,True,PGD,resnet,30/70,vgg,bing,30/70,0.05666667,0.08666666666666667,0.02666666666666667
418,google,True,PGD,resnet,30/70,vgg,bing,40/60,0.07333334,0.013333333333333334,0.13333333333333333
419,google,True,PGD,resnet,30/70,vgg,bing,50/50,0.13000001,0.006666666666666667,0.25333333333333335
420,google,True,PGD,resnet,30/70,alexnet,google,20/80,0.06484641,0.0,0.12751677852348994
421,google,True,PGD,resnet,30/70,alexnet,google,30/70,0.11824325,0.0,0.23333333333333334
422,google,True,PGD,resnet,30/70,alexnet,google,40/60,0.14915255,0.0,0.2972972972972973
423,google,True,PGD,resnet,30/70,alexnet,google,50/50,0.19387755,0.0,0.3877551020408163
424,google,True,PGD,resnet,30/70,resnet,google,20/80,0.2237288,0.006896551724137931,0.43333333333333335
425,google,True,PGD,resnet,30/70,resnet,google,30/70,0.24080268,0.006711409395973154,0.47333333333333333
426,google,True,PGD,resnet,30/70,resnet,google,40/60,0.24579124,0.0,0.49324324324324326
427,google,True,PGD,resnet,30/70,resnet,google,50/50,0.32203388,0.0,0.6506849315068494
428,google,True,PGD,resnet,30/70,vgg,google,20/80,0.04040404,0.047619047619047616,0.03333333333333333
429,google,True,PGD,resnet,30/70,vgg,google,30/70,0.08695652,0.006711409395973154,0.16666666666666666
430,google,True,PGD,resnet,30/70,vgg,google,40/60,0.08417508,0.013422818791946308,0.1554054054054054
431,google,True,PGD,resnet,30/70,vgg,google,50/50,0.13468014,0.0,0.2702702702702703
432,google,True,PGD,resnet,40/60,alexnet,bing,20/80,0.04,0.006666666666666667,0.07333333333333333
433,google,True,PGD,resnet,40/60,alexnet,bing,30/70,0.07,0.013333333333333334,0.12666666666666668
434,google,True,PGD,resnet,40/60,alexnet,bing,40/60,0.120000005,0.006666666666666667,0.23333333333333334
435,google,True,PGD,resnet,40/60,alexnet,bing,50/50,0.18,0.0,0.36
436,google,True,PGD,resnet,40/60,resnet,bing,20/80,0.22333334,0.08,0.36666666666666664
437,google,True,PGD,resnet,40/60,resnet,bing,30/70,0.22666667,0.02666666666666667,0.4266666666666667
438,google,True,PGD,resnet,40/60,resnet,bing,40/60,0.32666668,0.0,0.6533333333333333
439,google,True,PGD,resnet,40/60,resnet,bing,50/50,0.4,0.0,0.8
440,google,True,PGD,resnet,40/60,vgg,bing,20/80,0.07666667,0.14,0.013333333333333334
441,google,True,PGD,resnet,40/60,vgg,bing,30/70,0.093333334,0.12,0.06666666666666667
442,google,True,PGD,resnet,40/60,vgg,bing,40/60,0.093333334,0.013333333333333334,0.17333333333333334
443,google,True,PGD,resnet,40/60,vgg,bing,50/50,0.18666667,0.013333333333333334,0.36
444,google,True,PGD,resnet,40/60,alexnet,google,20/80,0.06825938,0.0,0.1342281879194631
