,source_dataset,isMath,attack,source_model,source_balancing,target_model,target_dataset,target_balancing,asr,asr_0,asr_1
0,bing,True,Square,alexnet,20/80,alexnet,bing,20/80,0.15972222,0.32608695652173914,0.006666666666666667
1,bing,True,Square,alexnet,20/80,alexnet,bing,30/70,0.17465754,0.14084507042253522,0.20666666666666667
2,bing,True,Square,alexnet,20/80,alexnet,bing,40/60,0.24489796,0.034482758620689655,0.44966442953020136
3,bing,True,Square,alexnet,20/80,alexnet,bing,50/50,0.2677966,0.0136986301369863,0.5167785234899329
4,bing,True,Square,alexnet,20/80,resnet,bing,20/80,0.21160409,0.1958041958041958,0.22666666666666666
5,bing,True,Square,alexnet,20/80,resnet,bing,30/70,0.23129252,0.08333333333333333,0.37333333333333335
6,bing,True,Square,alexnet,20/80,resnet,bing,40/60,0.26440677,0.027586206896551724,0.49333333333333335
7,bing,True,Square,alexnet,20/80,resnet,bing,50/50,0.27702704,0.0,0.5466666666666666
8,bing,True,Square,alexnet,20/80,vgg,bing,20/80,0.25084746,0.0,0.49333333333333335
9,bing,True,Square,alexnet,20/80,vgg,bing,30/70,0.25170067,0.034722222222222224,0.46
10,bing,True,Square,alexnet,20/80,vgg,bing,40/60,0.29491526,0.0,0.58
11,bing,True,Square,alexnet,20/80,vgg,bing,50/50,0.2983051,0.0,0.5866666666666667
12,bing,True,Square,alexnet,20/80,alexnet,google,20/80,0.29000002,0.03333333333333333,0.5466666666666666
13,bing,True,Square,alexnet,20/80,alexnet,google,30/70,0.26000002,0.03333333333333333,0.4866666666666667
14,bing,True,Square,alexnet,20/80,alexnet,google,40/60,0.3,0.04,0.56
15,bing,True,Square,alexnet,20/80,alexnet,google,50/50,0.27,0.02666666666666667,0.5133333333333333
16,bing,True,Square,alexnet,20/80,resnet,google,20/80,0.31,0.08,0.54
17,bing,True,Square,alexnet,20/80,resnet,google,30/70,0.25666666,0.06666666666666667,0.44666666666666666
18,bing,True,Square,alexnet,20/80,resnet,google,40/60,0.3,0.02,0.58
19,bing,True,Square,alexnet,20/80,resnet,google,50/50,0.29666668,0.02,0.5733333333333334
20,bing,True,Square,alexnet,20/80,vgg,google,20/80,0.3,0.06,0.54
21,bing,True,Square,alexnet,20/80,vgg,google,30/70,0.30333334,0.02666666666666667,0.58
22,bing,True,Square,alexnet,20/80,vgg,google,40/60,0.30333334,0.02666666666666667,0.58
23,bing,True,Square,alexnet,20/80,vgg,google,50/50,0.3,0.02,0.58
24,bing,True,Square,alexnet,30/70,alexnet,bing,20/80,0.3611111,0.7463768115942029,0.006666666666666667
25,bing,True,Square,alexnet,30/70,alexnet,bing,30/70,0.47945204,0.7535211267605634,0.22
26,bing,True,Square,alexnet,30/70,alexnet,bing,40/60,0.30272108,0.3103448275862069,0.2953020134228188
27,bing,True,Square,alexnet,30/70,alexnet,bing,50/50,0.25762713,0.2191780821917808,0.2953020134228188
28,bing,True,Square,alexnet,30/70,resnet,bing,20/80,0.334471,0.46153846153846156,0.21333333333333335
29,bing,True,Square,alexnet,30/70,resnet,bing,30/70,0.26530612,0.2569444444444444,0.2733333333333333
30,bing,True,Square,alexnet,30/70,resnet,bing,40/60,0.18305084,0.07586206896551724,0.2866666666666667
31,bing,True,Square,alexnet,30/70,resnet,bing,50/50,0.16216217,0.0273972602739726,0.29333333333333333
32,bing,True,Square,alexnet,30/70,vgg,bing,20/80,0.21355931,0.1310344827586207,0.29333333333333333
33,bing,True,Square,alexnet,30/70,vgg,bing,30/70,0.26870748,0.24305555555555555,0.29333333333333333
34,bing,True,Square,alexnet,30/70,vgg,bing,40/60,0.14915255,0.0,0.29333333333333333
35,bing,True,Square,alexnet,30/70,vgg,bing,50/50,0.14915255,0.0,0.29333333333333333
36,bing,True,Square,alexnet,30/70,alexnet,google,20/80,0.21333334,0.13333333333333333,0.29333333333333333
37,bing,True,Square,alexnet,30/70,alexnet,google,30/70,0.16333334,0.04666666666666667,0.28
38,bing,True,Square,alexnet,30/70,alexnet,google,40/60,0.18333334,0.07333333333333333,0.29333333333333333
39,bing,True,Square,alexnet,30/70,alexnet,google,50/50,0.18666667,0.08,0.29333333333333333
40,bing,True,Square,alexnet,30/70,resnet,google,20/80,0.21333334,0.13333333333333333,0.29333333333333333
41,bing,True,Square,alexnet,30/70,resnet,google,30/70,0.19,0.08666666666666667,0.29333333333333333
42,bing,True,Square,alexnet,30/70,resnet,google,40/60,0.15333334,0.013333333333333334,0.29333333333333333
43,bing,True,Square,alexnet,30/70,resnet,google,50/50,0.16333334,0.02666666666666667,0.3
44,bing,True,Square,alexnet,30/70,vgg,google,20/80,0.21666667,0.14,0.29333333333333333
45,bing,True,Square,alexnet,30/70,vgg,google,30/70,0.15333334,0.013333333333333334,0.29333333333333333
46,bing,True,Square,alexnet,30/70,vgg,google,40/60,0.15333334,0.013333333333333334,0.29333333333333333
47,bing,True,Square,alexnet,30/70,vgg,google,50/50,0.15333334,0.013333333333333334,0.29333333333333333
48,bing,True,Square,alexnet,40/60,alexnet,bing,20/80,0.38194445,0.7971014492753623,0.0
49,bing,True,Square,alexnet,40/60,alexnet,bing,30/70,0.4760274,0.7535211267605634,0.21333333333333335
50,bing,True,Square,alexnet,40/60,alexnet,bing,40/60,0.36734694,0.4482758620689655,0.28859060402684567
51,bing,True,Square,alexnet,40/60,alexnet,bing,50/50,0.31525424,0.3424657534246575,0.28859060402684567
52,bing,True,Square,alexnet,40/60,resnet,bing,20/80,0.37201363,0.5384615384615384,0.21333333333333335
53,bing,True,Square,alexnet,40/60,resnet,bing,30/70,0.30272108,0.3333333333333333,0.2733333333333333
54,bing,True,Square,alexnet,40/60,resnet,bing,40/60,0.18305084,0.08275862068965517,0.28
55,bing,True,Square,alexnet,40/60,resnet,bing,50/50,0.16554055,0.0410958904109589,0.2866666666666667
56,bing,True,Square,alexnet,40/60,vgg,bing,20/80,0.24406779,0.2,0.2866666666666667
57,bing,True,Square,alexnet,40/60,vgg,bing,30/70,0.3333333,0.3819444444444444,0.2866666666666667
58,bing,True,Square,alexnet,40/60,vgg,bing,40/60,0.15254237,0.013793103448275862,0.2866666666666667
59,bing,True,Square,alexnet,40/60,vgg,bing,50/50,0.14576271,0.0,0.2866666666666667
60,bing,True,Square,alexnet,40/60,alexnet,google,20/80,0.23666668,0.18666666666666668,0.2866666666666667
61,bing,True,Square,alexnet,40/60,alexnet,google,30/70,0.17666668,0.07333333333333333,0.28
62,bing,True,Square,alexnet,40/60,alexnet,google,40/60,0.18666667,0.08666666666666667,0.2866666666666667
63,bing,True,Square,alexnet,40/60,alexnet,google,50/50,0.21333334,0.14,0.2866666666666667
64,bing,True,Square,alexnet,40/60,resnet,google,20/80,0.21000001,0.13333333333333333,0.2866666666666667
65,bing,True,Square,alexnet,40/60,resnet,google,30/70,0.2,0.11333333333333333,0.2866666666666667
66,bing,True,Square,alexnet,40/60,resnet,google,40/60,0.16,0.03333333333333333,0.2866666666666667
67,bing,True,Square,alexnet,40/60,resnet,google,50/50,0.17333333,0.05333333333333334,0.29333333333333333
68,bing,True,Square,alexnet,40/60,vgg,google,20/80,0.27666667,0.26666666666666666,0.2866666666666667
69,bing,True,Square,alexnet,40/60,vgg,google,30/70,0.15666667,0.02666666666666667,0.2866666666666667
70,bing,True,Square,alexnet,40/60,vgg,google,40/60,0.15333334,0.02,0.2866666666666667
71,bing,True,Square,alexnet,40/60,vgg,google,50/50,0.15333334,0.02,0.2866666666666667
72,bing,True,Square,alexnet,50/50,alexnet,bing,20/80,0.3576389,0.7463768115942029,0.0
73,bing,True,Square,alexnet,50/50,alexnet,bing,30/70,0.40753424,0.7323943661971831,0.1
74,bing,True,Square,alexnet,50/50,alexnet,bing,40/60,0.26870748,0.41379310344827586,0.12751677852348994
75,bing,True,Square,alexnet,50/50,alexnet,bing,50/50,0.26101694,0.3972602739726027,0.12751677852348994
76,bing,True,Square,alexnet,50/50,resnet,bing,20/80,0.2662116,0.44755244755244755,0.09333333333333334
77,bing,True,Square,alexnet,50/50,resnet,bing,30/70,0.22789115,0.3402777777777778,0.12
78,bing,True,Square,alexnet,50/50,resnet,bing,40/60,0.10508475,0.08275862068965517,0.12666666666666668
79,bing,True,Square,alexnet,50/50,resnet,bing,50/50,0.08445946,0.0410958904109589,0.12666666666666668
80,bing,True,Square,alexnet,50/50,vgg,bing,20/80,0.1559322,0.18620689655172415,0.12666666666666668
81,bing,True,Square,alexnet,50/50,vgg,bing,30/70,0.26530612,0.4236111111111111,0.11333333333333333
82,bing,True,Square,alexnet,50/50,vgg,bing,40/60,0.06440678,0.0,0.12666666666666668
83,bing,True,Square,alexnet,50/50,vgg,bing,50/50,0.06440678,0.0,0.12666666666666668
84,bing,True,Square,alexnet,50/50,alexnet,google,20/80,0.14666668,0.16666666666666666,0.12666666666666668
85,bing,True,Square,alexnet,50/50,alexnet,google,30/70,0.1,0.07333333333333333,0.12666666666666668
86,bing,True,Square,alexnet,50/50,alexnet,google,40/60,0.09,0.05333333333333334,0.12666666666666668
87,bing,True,Square,alexnet,50/50,alexnet,google,50/50,0.13666667,0.14666666666666667,0.12666666666666668
88,bing,True,Square,alexnet,50/50,resnet,google,20/80,0.123333335,0.12,0.12666666666666668
89,bing,True,Square,alexnet,50/50,resnet,google,30/70,0.10666667,0.08666666666666667,0.12666666666666668
90,bing,True,Square,alexnet,50/50,resnet,google,40/60,0.08,0.03333333333333333,0.12666666666666668
91,bing,True,Square,alexnet,50/50,resnet,google,50/50,0.09666667,0.06,0.13333333333333333
92,bing,True,Square,alexnet,50/50,vgg,google,20/80,0.18333334,0.24,0.12666666666666668
93,bing,True,Square,alexnet,50/50,vgg,google,30/70,0.07,0.013333333333333334,0.12666666666666668
94,bing,True,Square,alexnet,50/50,vgg,google,40/60,0.07,0.013333333333333334,0.12666666666666668
95,bing,True,Square,alexnet,50/50,vgg,google,50/50,0.07,0.013333333333333334,0.12666666666666668
96,bing,True,Square,resnet,20/80,alexnet,bing,20/80,0.0069444445,0.014492753623188406,0.0
97,bing,True,Square,resnet,20/80,alexnet,bing,30/70,0.0102739725,0.014084507042253521,0.006666666666666667
98,bing,True,Square,resnet,20/80,alexnet,bing,40/60,0.023809522,0.0,0.04697986577181208
99,bing,True,Square,resnet,20/80,alexnet,bing,50/50,0.027118644,0.0,0.053691275167785234
100,bing,True,Square,resnet,20/80,resnet,bing,20/80,0.0443686,0.06993006993006994,0.02
101,bing,True,Square,resnet,20/80,resnet,bing,30/70,0.027210884,0.041666666666666664,0.013333333333333334
102,bing,True,Square,resnet,20/80,resnet,bing,40/60,0.033898305,0.006896551724137931,0.06
103,bing,True,Square,resnet,20/80,resnet,bing,50/50,0.0472973,0.00684931506849315,0.08666666666666667
104,bing,True,Square,resnet,20/80,vgg,bing,20/80,0.010169491,0.0,0.02
105,bing,True,Square,resnet,20/80,vgg,bing,30/70,0.017006803,0.013888888888888888,0.02
106,bing,True,Square,resnet,20/80,vgg,bing,40/60,0.033898305,0.0,0.06666666666666667
107,bing,True,Square,resnet,20/80,vgg,bing,50/50,0.108474575,0.0,0.21333333333333335
108,bing,True,Square,resnet,20/80,alexnet,google,20/80,0.06666667,0.04666666666666667,0.08666666666666667
109,bing,True,Square,resnet,20/80,alexnet,google,30/70,0.043333333,0.04,0.04666666666666667
110,bing,True,Square,resnet,20/80,alexnet,google,40/60,0.053333335,0.04,0.06666666666666667
111,bing,True,Square,resnet,20/80,alexnet,google,50/50,0.043333333,0.02666666666666667,0.06
112,bing,True,Square,resnet,20/80,resnet,google,20/80,0.07,0.07333333333333333,0.06666666666666667
113,bing,True,Square,resnet,20/80,resnet,google,30/70,0.046666667,0.07333333333333333,0.02
114,bing,True,Square,resnet,20/80,resnet,google,40/60,0.060000002,0.04,0.08
115,bing,True,Square,resnet,20/80,resnet,google,50/50,0.06333333,0.03333333333333333,0.09333333333333334
116,bing,True,Square,resnet,20/80,vgg,google,20/80,0.04,0.06,0.02
117,bing,True,Square,resnet,20/80,vgg,google,30/70,0.06333333,0.03333333333333333,0.09333333333333334
118,bing,True,Square,resnet,20/80,vgg,google,40/60,0.05666667,0.03333333333333333,0.08
119,bing,True,Square,resnet,20/80,vgg,google,50/50,0.08,0.02666666666666667,0.13333333333333333
120,bing,True,Square,resnet,30/70,alexnet,bing,20/80,0.013888889,0.028985507246376812,0.0
121,bing,True,Square,resnet,30/70,alexnet,bing,30/70,0.023972603,0.028169014084507043,0.02
122,bing,True,Square,resnet,30/70,alexnet,bing,40/60,0.034013607,0.020689655172413793,0.04697986577181208
123,bing,True,Square,resnet,30/70,alexnet,bing,50/50,0.030508474,0.0,0.06040268456375839
124,bing,True,Square,resnet,30/70,resnet,bing,20/80,0.08191126,0.15384615384615385,0.013333333333333334
125,bing,True,Square,resnet,30/70,resnet,bing,30/70,0.047619045,0.09027777777777778,0.006666666666666667
126,bing,True,Square,resnet,30/70,resnet,bing,40/60,0.054237287,0.020689655172413793,0.08666666666666667
127,bing,True,Square,resnet,30/70,resnet,bing,50/50,0.0777027,0.0136986301369863,0.14
128,bing,True,Square,resnet,30/70,vgg,bing,20/80,0.047457628,0.020689655172413793,0.07333333333333333
129,bing,True,Square,resnet,30/70,vgg,bing,30/70,0.044217687,0.034722222222222224,0.05333333333333334
130,bing,True,Square,resnet,30/70,vgg,bing,40/60,0.06779661,0.006896551724137931,0.12666666666666668
131,bing,True,Square,resnet,30/70,vgg,bing,50/50,0.108474575,0.006896551724137931,0.20666666666666667
132,bing,True,Square,resnet,30/70,alexnet,google,20/80,0.08,0.04666666666666667,0.11333333333333333
133,bing,True,Square,resnet,30/70,alexnet,google,30/70,0.04,0.04,0.04
134,bing,True,Square,resnet,30/70,alexnet,google,40/60,0.07666667,0.03333333333333333,0.12
135,bing,True,Square,resnet,30/70,alexnet,google,50/50,0.05666667,0.03333333333333333,0.08
136,bing,True,Square,resnet,30/70,resnet,google,20/80,0.10333334,0.10666666666666667,0.1
137,bing,True,Square,resnet,30/70,resnet,google,30/70,0.053333335,0.07333333333333333,0.03333333333333333
138,bing,True,Square,resnet,30/70,resnet,google,40/60,0.093333334,0.03333333333333333,0.15333333333333332
139,bing,True,Square,resnet,30/70,resnet,google,50/50,0.09666667,0.03333333333333333,0.16
140,bing,True,Square,resnet,30/70,vgg,google,20/80,0.09,0.09333333333333334,0.08666666666666667
141,bing,True,Square,resnet,30/70,vgg,google,30/70,0.1,0.04,0.16
142,bing,True,Square,resnet,30/70,vgg,google,40/60,0.09666667,0.04,0.15333333333333332
143,bing,True,Square,resnet,30/70,vgg,google,50/50,0.093333334,0.02666666666666667,0.16
144,bing,True,Square,resnet,40/60,alexnet,bing,20/80,0.041666668,0.08695652173913043,0.0
145,bing,True,Square,resnet,40/60,alexnet,bing,30/70,0.030821918,0.04929577464788732,0.013333333333333334
146,bing,True,Square,resnet,40/60,alexnet,bing,40/60,0.037414964,0.034482758620689655,0.040268456375838924
147,bing,True,Square,resnet,40/60,alexnet,bing,50/50,0.044067796,0.02054794520547945,0.06711409395973154
148,bing,True,Square,resnet,40/60,resnet,bing,20/80,0.16040955,0.32867132867132864,0.0
149,bing,True,Square,resnet,40/60,resnet,bing,30/70,0.13945578,0.2847222222222222,0.0
150,bing,True,Square,resnet,40/60,resnet,bing,40/60,0.0779661,0.11724137931034483,0.04
151,bing,True,Square,resnet,40/60,resnet,bing,50/50,0.06081081,0.06164383561643835,0.06
152,bing,True,Square,resnet,40/60,vgg,bing,20/80,0.07457627,0.07586206896551724,0.07333333333333333
153,bing,True,Square,resnet,40/60,vgg,bing,30/70,0.09523809,0.13194444444444445,0.06
154,bing,True,Square,resnet,40/60,vgg,bing,40/60,0.118644066,0.020689655172413793,0.21333333333333335
155,bing,True,Square,resnet,40/60,vgg,bing,50/50,0.1661017,0.006896551724137931,0.32
156,bing,True,Square,resnet,40/60,alexnet,google,20/80,0.06666667,0.07333333333333333,0.06
157,bing,True,Square,resnet,40/60,alexnet,google,30/70,0.053333335,0.06666666666666667,0.04
158,bing,True,Square,resnet,40/60,alexnet,google,40/60,0.07,0.05333333333333334,0.08666666666666667
159,bing,True,Square,resnet,40/60,alexnet,google,50/50,0.07333334,0.05333333333333334,0.09333333333333334
160,bing,True,Square,resnet,40/60,resnet,google,20/80,0.14333333,0.21333333333333335,0.07333333333333333
161,bing,True,Square,resnet,40/60,resnet,google,30/70,0.086666666,0.15333333333333332,0.02
162,bing,True,Square,resnet,40/60,resnet,google,40/60,0.07333334,0.05333333333333334,0.09333333333333334
163,bing,True,Square,resnet,40/60,resnet,google,50/50,0.086666666,0.06666666666666667,0.10666666666666667
164,bing,True,Square,resnet,40/60,vgg,google,20/80,0.13333334,0.16,0.10666666666666667
165,bing,True,Square,resnet,40/60,vgg,google,30/70,0.14,0.04666666666666667,0.23333333333333334
166,bing,True,Square,resnet,40/60,vgg,google,40/60,0.14,0.04,0.24
167,bing,True,Square,resnet,40/60,vgg,google,50/50,0.18,0.04,0.32
168,bing,True,Square,resnet,50/50,alexnet,bing,20/80,0.027777778,0.057971014492753624,0.0
169,bing,True,Square,resnet,50/50,alexnet,bing,30/70,0.02739726,0.056338028169014086,0.0
170,bing,True,Square,resnet,50/50,alexnet,bing,40/60,0.034013607,0.041379310344827586,0.026845637583892617
171,bing,True,Square,resnet,50/50,alexnet,bing,50/50,0.044067796,0.03424657534246575,0.053691275167785234
172,bing,True,Square,resnet,50/50,resnet,bing,20/80,0.20136519,0.4125874125874126,0.0
173,bing,True,Square,resnet,50/50,resnet,bing,30/70,0.17006803,0.3472222222222222,0.0
174,bing,True,Square,resnet,50/50,resnet,bing,40/60,0.108474575,0.19310344827586207,0.02666666666666667
175,bing,True,Square,resnet,50/50,resnet,bing,50/50,0.104729734,0.15753424657534246,0.05333333333333334
176,bing,True,Square,resnet,50/50,vgg,bing,20/80,0.094915256,0.14482758620689656,0.04666666666666667
177,bing,True,Square,resnet,50/50,vgg,bing,30/70,0.12585033,0.2152777777777778,0.04
178,bing,True,Square,resnet,50/50,vgg,bing,40/60,0.1118644,0.027586206896551724,0.19333333333333333
179,bing,True,Square,resnet,50/50,vgg,bing,50/50,0.14915255,0.006896551724137931,0.2866666666666667
180,bing,True,Square,resnet,50/50,alexnet,google,20/80,0.06333333,0.06,0.06666666666666667
181,bing,True,Square,resnet,50/50,alexnet,google,30/70,0.046666667,0.06666666666666667,0.02666666666666667
182,bing,True,Square,resnet,50/50,alexnet,google,40/60,0.05666667,0.06,0.05333333333333334
183,bing,True,Square,resnet,50/50,alexnet,google,50/50,0.060000002,0.04666666666666667,0.07333333333333333
184,bing,True,Square,resnet,50/50,resnet,google,20/80,0.18,0.2733333333333333,0.08666666666666667
185,bing,True,Square,resnet,50/50,resnet,google,30/70,0.13000001,0.24,0.02
186,bing,True,Square,resnet,50/50,resnet,google,40/60,0.123333335,0.15333333333333332,0.09333333333333334
187,bing,True,Square,resnet,50/50,resnet,google,50/50,0.14333333,0.16,0.12666666666666668
188,bing,True,Square,resnet,50/50,vgg,google,20/80,0.14,0.21333333333333335,0.06666666666666667
189,bing,True,Square,resnet,50/50,vgg,google,30/70,0.123333335,0.06666666666666667,0.18
190,bing,True,Square,resnet,50/50,vgg,google,40/60,0.13666667,0.05333333333333334,0.22
191,bing,True,Square,resnet,50/50,vgg,google,50/50,0.17666668,0.02666666666666667,0.32666666666666666
192,bing,True,Square,vgg,20/80,alexnet,bing,20/80,0.020833334,0.043478260869565216,0.0
193,bing,True,Square,vgg,20/80,alexnet,bing,30/70,0.02739726,0.056338028169014086,0.0
194,bing,True,Square,vgg,20/80,alexnet,bing,40/60,0.030612245,0.027586206896551724,0.03355704697986577
195,bing,True,Square,vgg,20/80,alexnet,bing,50/50,0.054237287,0.03424657534246575,0.0738255033557047
196,bing,True,Square,vgg,20/80,resnet,bing,20/80,0.06484641,0.13286713286713286,0.0
197,bing,True,Square,vgg,20/80,resnet,bing,30/70,0.037414964,0.0763888888888889,0.0
198,bing,True,Square,vgg,20/80,resnet,bing,40/60,0.033898305,0.020689655172413793,0.04666666666666667
199,bing,True,Square,vgg,20/80,resnet,bing,50/50,0.037162162,0.0,0.07333333333333333
200,bing,True,Square,vgg,20/80,vgg,bing,20/80,0.09152542,0.1103448275862069,0.07333333333333333
201,bing,True,Square,vgg,20/80,vgg,bing,30/70,0.12244898,0.18055555555555555,0.06666666666666667
202,bing,True,Square,vgg,20/80,vgg,bing,40/60,0.14237288,0.006896551724137931,0.2733333333333333
203,bing,True,Square,vgg,20/80,vgg,bing,50/50,0.19322033,0.0,0.38
204,bing,True,Square,vgg,20/80,alexnet,google,20/80,0.05666667,0.05333333333333334,0.06
205,bing,True,Square,vgg,20/80,alexnet,google,30/70,0.046666667,0.06,0.03333333333333333
206,bing,True,Square,vgg,20/80,alexnet,google,40/60,0.05666667,0.05333333333333334,0.06
207,bing,True,Square,vgg,20/80,alexnet,google,50/50,0.05,0.04666666666666667,0.05333333333333334
208,bing,True,Square,vgg,20/80,resnet,google,20/80,0.083333336,0.09333333333333334,0.07333333333333333
209,bing,True,Square,vgg,20/80,resnet,google,30/70,0.06333333,0.08666666666666667,0.04
210,bing,True,Square,vgg,20/80,resnet,google,40/60,0.08,0.02666666666666667,0.13333333333333333
211,bing,True,Square,vgg,20/80,resnet,google,50/50,0.09,0.02666666666666667,0.15333333333333332
212,bing,True,Square,vgg,20/80,vgg,google,20/80,0.15333334,0.17333333333333334,0.13333333333333333
213,bing,True,Square,vgg,20/80,vgg,google,30/70,0.18,0.05333333333333334,0.30666666666666664
214,bing,True,Square,vgg,20/80,vgg,google,40/60,0.18666667,0.04666666666666667,0.32666666666666666
215,bing,True,Square,vgg,20/80,vgg,google,50/50,0.23,0.03333333333333333,0.4266666666666667
216,bing,True,Square,vgg,30/70,alexnet,bing,20/80,0.020833334,0.043478260869565216,0.0
217,bing,True,Square,vgg,30/70,alexnet,bing,30/70,0.020547945,0.035211267605633804,0.006666666666666667
218,bing,True,Square,vgg,30/70,alexnet,bing,40/60,0.030612245,0.013793103448275862,0.04697986577181208
219,bing,True,Square,vgg,30/70,alexnet,bing,50/50,0.044067796,0.00684931506849315,0.08053691275167785
220,bing,True,Square,vgg,30/70,resnet,bing,20/80,0.03754266,0.07692307692307693,0.0
221,bing,True,Square,vgg,30/70,resnet,bing,30/70,0.030612245,0.05555555555555555,0.006666666666666667
222,bing,True,Square,vgg,30/70,resnet,bing,40/60,0.030508474,0.006896551724137931,0.05333333333333334
223,bing,True,Square,vgg,30/70,resnet,bing,50/50,0.033783786,0.0,0.06666666666666667
224,bing,True,Square,vgg,30/70,vgg,bing,20/80,0.05762712,0.041379310344827586,0.07333333333333333
225,bing,True,Square,vgg,30/70,vgg,bing,30/70,0.088435374,0.1111111111111111,0.06666666666666667
226,bing,True,Square,vgg,30/70,vgg,bing,40/60,0.14576271,0.0,0.2866666666666667
227,bing,True,Square,vgg,30/70,vgg,bing,50/50,0.19661017,0.0,0.38666666666666666
228,bing,True,Square,vgg,30/70,alexnet,google,20/80,0.07,0.07333333333333333,0.06666666666666667
229,bing,True,Square,vgg,30/70,alexnet,google,30/70,0.05,0.07333333333333333,0.02666666666666667
230,bing,True,Square,vgg,30/70,alexnet,google,40/60,0.07,0.06,0.08
231,bing,True,Square,vgg,30/70,alexnet,google,50/50,0.046666667,0.03333333333333333,0.06
232,bing,True,Square,vgg,30/70,resnet,google,20/80,0.07666667,0.07333333333333333,0.08
233,bing,True,Square,vgg,30/70,resnet,google,30/70,0.046666667,0.06,0.03333333333333333
234,bing,True,Square,vgg,30/70,resnet,google,40/60,0.08,0.03333333333333333,0.12666666666666668
235,bing,True,Square,vgg,30/70,resnet,google,50/50,0.083333336,0.02,0.14666666666666667
236,bing,True,Square,vgg,30/70,vgg,google,20/80,0.13000001,0.12666666666666668,0.13333333333333333
237,bing,True,Square,vgg,30/70,vgg,google,30/70,0.17666668,0.04666666666666667,0.30666666666666664
238,bing,True,Square,vgg,30/70,vgg,google,40/60,0.19,0.04666666666666667,0.3333333333333333
239,bing,True,Square,vgg,30/70,vgg,google,50/50,0.22333334,0.02666666666666667,0.42
240,bing,True,Square,vgg,40/60,alexnet,bing,20/80,0.013888889,0.028985507246376812,0.0
241,bing,True,Square,vgg,40/60,alexnet,bing,30/70,0.017123288,0.035211267605633804,0.0
242,bing,True,Square,vgg,40/60,alexnet,bing,40/60,0.023809522,0.006896551724137931,0.040268456375838924
243,bing,True,Square,vgg,40/60,alexnet,bing,50/50,0.037288137,0.0136986301369863,0.06040268456375839
244,bing,True,Square,vgg,40/60,resnet,bing,20/80,0.08191126,0.16783216783216784,0.0
245,bing,True,Square,vgg,40/60,resnet,bing,30/70,0.07823129,0.1597222222222222,0.0
246,bing,True,Square,vgg,40/60,resnet,bing,40/60,0.033898305,0.034482758620689655,0.03333333333333333
247,bing,True,Square,vgg,40/60,resnet,bing,50/50,0.037162162,0.00684931506849315,0.06666666666666667
248,bing,True,Square,vgg,40/60,vgg,bing,20/80,0.11525424,0.18620689655172415,0.04666666666666667
249,bing,True,Square,vgg,40/60,vgg,bing,30/70,0.17687075,0.3194444444444444,0.04
250,bing,True,Square,vgg,40/60,vgg,bing,40/60,0.14576271,0.027586206896551724,0.26
251,bing,True,Square,vgg,40/60,vgg,bing,50/50,0.17627119,0.020689655172413793,0.32666666666666666
252,bing,True,Square,vgg,40/60,alexnet,google,20/80,0.06333333,0.04666666666666667,0.08
253,bing,True,Square,vgg,40/60,alexnet,google,30/70,0.03666667,0.04,0.03333333333333333
254,bing,True,Square,vgg,40/60,alexnet,google,40/60,0.05666667,0.04666666666666667,0.06666666666666667
255,bing,True,Square,vgg,40/60,alexnet,google,50/50,0.05666667,0.04,0.07333333333333333
256,bing,True,Square,vgg,40/60,resnet,google,20/80,0.093333334,0.12,0.06666666666666667
257,bing,True,Square,vgg,40/60,resnet,google,30/70,0.06666667,0.09333333333333334,0.04
258,bing,True,Square,vgg,40/60,resnet,google,40/60,0.08,0.04,0.12
259,bing,True,Square,vgg,40/60,resnet,google,50/50,0.093333334,0.04,0.14666666666666667
260,bing,True,Square,vgg,40/60,vgg,google,20/80,0.2,0.3,0.1
261,bing,True,Square,vgg,40/60,vgg,google,30/70,0.15,0.05333333333333334,0.24666666666666667
262,bing,True,Square,vgg,40/60,vgg,google,40/60,0.17333333,0.06,0.2866666666666667
263,bing,True,Square,vgg,40/60,vgg,google,50/50,0.21666667,0.05333333333333334,0.38
264,bing,True,Square,vgg,50/50,alexnet,bing,20/80,0.03125,0.06521739130434782,0.0
265,bing,True,Square,vgg,50/50,alexnet,bing,30/70,0.02739726,0.056338028169014086,0.0
266,bing,True,Square,vgg,50/50,alexnet,bing,40/60,0.023809522,0.020689655172413793,0.026845637583892617
267,bing,True,Square,vgg,50/50,alexnet,bing,50/50,0.037288137,0.02054794520547945,0.053691275167785234
268,bing,True,Square,vgg,50/50,resnet,bing,20/80,0.11262798,0.23076923076923078,0.0
269,bing,True,Square,vgg,50/50,resnet,bing,30/70,0.09863945,0.2013888888888889,0.0
270,bing,True,Square,vgg,50/50,resnet,bing,40/60,0.05762712,0.06896551724137931,0.04666666666666667
271,bing,True,Square,vgg,50/50,resnet,bing,50/50,0.04391892,0.02054794520547945,0.06666666666666667
272,bing,True,Square,vgg,50/50,vgg,bing,20/80,0.17966102,0.296551724137931,0.06666666666666667
273,bing,True,Square,vgg,50/50,vgg,bing,30/70,0.207483,0.3819444444444444,0.04
274,bing,True,Square,vgg,50/50,vgg,bing,40/60,0.14576271,0.08275862068965517,0.20666666666666667
275,bing,True,Square,vgg,50/50,vgg,bing,50/50,0.17288135,0.04827586206896552,0.29333333333333333
276,bing,True,Square,vgg,50/50,alexnet,google,20/80,0.07,0.06,0.08
277,bing,True,Square,vgg,50/50,alexnet,google,30/70,0.043333333,0.06,0.02666666666666667
278,bing,True,Square,vgg,50/50,alexnet,google,40/60,0.05666667,0.05333333333333334,0.06
279,bing,True,Square,vgg,50/50,alexnet,google,50/50,0.060000002,0.04666666666666667,0.07333333333333333
280,bing,True,Square,vgg,50/50,resnet,google,20/80,0.11,0.16,0.06
281,bing,True,Square,vgg,50/50,resnet,google,30/70,0.086666666,0.12666666666666668,0.04666666666666667
282,bing,True,Square,vgg,50/50,resnet,google,40/60,0.07333334,0.04,0.10666666666666667
283,bing,True,Square,vgg,50/50,resnet,google,50/50,0.09666667,0.04666666666666667,0.14666666666666667
284,bing,True,Square,vgg,50/50,vgg,google,20/80,0.22666667,0.36,0.09333333333333334
285,bing,True,Square,vgg,50/50,vgg,google,30/70,0.17333333,0.12,0.22666666666666666
286,bing,True,Square,vgg,50/50,vgg,google,40/60,0.16,0.08,0.24
287,bing,True,Square,vgg,50/50,vgg,google,50/50,0.21333334,0.09333333333333334,0.3333333333333333
288,google,True,Square,alexnet,20/80,alexnet,bing,20/80,0.31,0.5933333333333334,0.02666666666666667
289,google,True,Square,alexnet,20/80,alexnet,bing,30/70,0.43,0.74,0.12
290,google,True,Square,alexnet,20/80,alexnet,bing,40/60,0.28,0.35333333333333333,0.20666666666666667
291,google,True,Square,alexnet,20/80,alexnet,bing,50/50,0.20666668,0.18,0.23333333333333334
292,google,True,Square,alexnet,20/80,resnet,bing,20/80,0.26333335,0.42,0.10666666666666667
293,google,True,Square,alexnet,20/80,resnet,bing,30/70,0.24000001,0.2866666666666667,0.19333333333333333
294,google,True,Square,alexnet,20/80,resnet,bing,40/60,0.13333334,0.05333333333333334,0.21333333333333335
295,google,True,Square,alexnet,20/80,resnet,bing,50/50,0.123333335,0.02,0.22666666666666666
296,google,True,Square,alexnet,20/80,vgg,bing,20/80,0.16666667,0.12666666666666668,0.20666666666666667
297,google,True,Square,alexnet,20/80,vgg,bing,30/70,0.23,0.25333333333333335,0.20666666666666667
298,google,True,Square,alexnet,20/80,vgg,bing,40/60,0.11333334,0.006666666666666667,0.22
299,google,True,Square,alexnet,20/80,vgg,bing,50/50,0.120000005,0.006666666666666667,0.23333333333333334
300,google,True,Square,alexnet,20/80,alexnet,google,20/80,0.25938565,0.2986111111111111,0.2214765100671141
301,google,True,Square,alexnet,20/80,alexnet,google,30/70,0.12837838,0.04794520547945205,0.20666666666666667
302,google,True,Square,alexnet,20/80,alexnet,google,40/60,0.14237288,0.061224489795918366,0.22297297297297297
303,google,True,Square,alexnet,20/80,alexnet,google,50/50,0.14965986,0.08163265306122448,0.21768707482993196
304,google,True,Square,alexnet,20/80,resnet,google,20/80,0.15254237,0.08275862068965517,0.22
305,google,True,Square,alexnet,20/80,resnet,google,30/70,0.117056854,0.03355704697986577,0.2
306,google,True,Square,alexnet,20/80,resnet,google,40/60,0.11111111,0.0,0.22297297297297297
307,google,True,Square,alexnet,20/80,resnet,google,50/50,0.11525424,0.006711409395973154,0.22602739726027396
308,google,True,Square,alexnet,20/80,vgg,google,20/80,0.19528618,0.17687074829931973,0.21333333333333335
309,google,True,Square,alexnet,20/80,vgg,google,30/70,0.110367894,0.0,0.22
310,google,True,Square,alexnet,20/80,vgg,google,40/60,0.11111111,0.0,0.22297297297297297
311,google,True,Square,alexnet,20/80,vgg,google,50/50,0.11111111,0.0,0.22297297297297297
312,google,True,Square,alexnet,30/70,alexnet,bing,20/80,0.27666667,0.5533333333333333,0.0
313,google,True,Square,alexnet,30/70,alexnet,bing,30/70,0.31666666,0.5933333333333334,0.04
314,google,True,Square,alexnet,30/70,alexnet,bing,40/60,0.16666667,0.24,0.09333333333333334
315,google,True,Square,alexnet,30/70,alexnet,bing,50/50,0.12666667,0.12666666666666668,0.12666666666666668
316,google,True,Square,alexnet,30/70,resnet,bing,20/80,0.19333334,0.35333333333333333,0.03333333333333333
317,google,True,Square,alexnet,30/70,resnet,bing,30/70,0.18666667,0.26,0.11333333333333333
318,google,True,Square,alexnet,30/70,resnet,bing,40/60,0.07666667,0.03333333333333333,0.12
319,google,True,Square,alexnet,30/70,resnet,bing,50/50,0.07333334,0.02,0.12666666666666668
320,google,True,Square,alexnet,30/70,vgg,bing,20/80,0.13333334,0.15333333333333332,0.11333333333333333
321,google,True,Square,alexnet,30/70,vgg,bing,30/70,0.17666668,0.24666666666666667,0.10666666666666667
322,google,True,Square,alexnet,30/70,vgg,bing,40/60,0.06666667,0.013333333333333334,0.12
323,google,True,Square,alexnet,30/70,vgg,bing,50/50,0.07,0.006666666666666667,0.13333333333333333
324,google,True,Square,alexnet,30/70,alexnet,google,20/80,0.10921501,0.09722222222222222,0.12080536912751678
325,google,True,Square,alexnet,30/70,alexnet,google,30/70,0.06418919,0.03424657534246575,0.09333333333333334
326,google,True,Square,alexnet,30/70,alexnet,google,40/60,0.0779661,0.034013605442176874,0.12162162162162163
327,google,True,Square,alexnet,30/70,alexnet,google,50/50,0.06802721,0.027210884353741496,0.10884353741496598
328,google,True,Square,alexnet,30/70,resnet,google,20/80,0.084745765,0.05517241379310345,0.11333333333333333
329,google,True,Square,alexnet,30/70,resnet,google,30/70,0.073578596,0.03355704697986577,0.11333333333333333
330,google,True,Square,alexnet,30/70,resnet,google,40/60,0.06060606,0.0,0.12162162162162163
331,google,True,Square,alexnet,30/70,resnet,google,50/50,0.061016947,0.0,0.1232876712328767
332,google,True,Square,alexnet,30/70,vgg,google,20/80,0.124579124,0.1360544217687075,0.11333333333333333
333,google,True,Square,alexnet,30/70,vgg,google,30/70,0.06354515,0.006711409395973154,0.12
334,google,True,Square,alexnet,30/70,vgg,google,40/60,0.06060606,0.0,0.12162162162162163
335,google,True,Square,alexnet,30/70,vgg,google,50/50,0.06060606,0.0,0.12162162162162163
336,google,True,Square,alexnet,40/60,alexnet,bing,20/80,0.33666667,0.6733333333333333,0.0
337,google,True,Square,alexnet,40/60,alexnet,bing,30/70,0.42333335,0.8,0.04666666666666667
338,google,True,Square,alexnet,40/60,alexnet,bing,40/60,0.26000002,0.42,0.1
339,google,True,Square,alexnet,40/60,alexnet,bing,50/50,0.20666668,0.2866666666666667,0.12666666666666668
340,google,True,Square,alexnet,40/60,resnet,bing,20/80,0.25666666,0.4866666666666667,0.02666666666666667
341,google,True,Square,alexnet,40/60,resnet,bing,30/70,0.21000001,0.32666666666666666,0.09333333333333334
342,google,True,Square,alexnet,40/60,resnet,bing,40/60,0.09666667,0.07333333333333333,0.12
343,google,True,Square,alexnet,40/60,resnet,bing,50/50,0.07666667,0.02666666666666667,0.12666666666666668
344,google,True,Square,alexnet,40/60,vgg,bing,20/80,0.15666667,0.2,0.11333333333333333
345,google,True,Square,alexnet,40/60,vgg,bing,30/70,0.22,0.3333333333333333,0.10666666666666667
346,google,True,Square,alexnet,40/60,vgg,bing,40/60,0.06333333,0.006666666666666667,0.12
347,google,True,Square,alexnet,40/60,vgg,bing,50/50,0.06666667,0.0,0.13333333333333333
348,google,True,Square,alexnet,40/60,alexnet,google,20/80,0.16382252,0.20833333333333334,0.12080536912751678
349,google,True,Square,alexnet,40/60,alexnet,google,30/70,0.0777027,0.0547945205479452,0.1
350,google,True,Square,alexnet,40/60,alexnet,google,40/60,0.12881356,0.1360544217687075,0.12162162162162163
351,google,True,Square,alexnet,40/60,alexnet,google,50/50,0.09863945,0.08843537414965986,0.10884353741496598
352,google,True,Square,alexnet,40/60,resnet,google,20/80,0.10169491,0.08275862068965517,0.12
353,google,True,Square,alexnet,40/60,resnet,google,30/70,0.07692308,0.040268456375838924,0.11333333333333333
354,google,True,Square,alexnet,40/60,resnet,google,40/60,0.06397306,0.006711409395973154,0.12162162162162163
355,google,True,Square,alexnet,40/60,resnet,google,50/50,0.07118644,0.020134228187919462,0.1232876712328767
356,google,True,Square,alexnet,40/60,vgg,google,20/80,0.17845118,0.24489795918367346,0.11333333333333333
357,google,True,Square,alexnet,40/60,vgg,google,30/70,0.06020067,0.0,0.12
358,google,True,Square,alexnet,40/60,vgg,google,40/60,0.06060606,0.0,0.12162162162162163
359,google,True,Square,alexnet,40/60,vgg,google,50/50,0.06060606,0.0,0.12162162162162163
360,google,True,Square,alexnet,50/50,alexnet,bing,20/80,0.31,0.6133333333333333,0.006666666666666667
361,google,True,Square,alexnet,50/50,alexnet,bing,30/70,0.39000002,0.72,0.06
362,google,True,Square,alexnet,50/50,alexnet,bing,40/60,0.20333333,0.29333333333333333,0.11333333333333333
363,google,True,Square,alexnet,50/50,alexnet,bing,50/50,0.17333333,0.20666666666666667,0.14
364,google,True,Square,alexnet,50/50,resnet,bing,20/80,0.23666668,0.43333333333333335,0.04
365,google,True,Square,alexnet,50/50,resnet,bing,30/70,0.19666667,0.2866666666666667,0.10666666666666667
366,google,True,Square,alexnet,50/50,resnet,bing,40/60,0.10333334,0.07333333333333333,0.13333333333333333
367,google,True,Square,alexnet,50/50,resnet,bing,50/50,0.083333336,0.02666666666666667,0.14
368,google,True,Square,alexnet,50/50,vgg,bing,20/80,0.15,0.17333333333333334,0.12666666666666668
369,google,True,Square,alexnet,50/50,vgg,bing,30/70,0.21666667,0.31333333333333335,0.12
370,google,True,Square,alexnet,50/50,vgg,bing,40/60,0.06666667,0.0,0.13333333333333333
371,google,True,Square,alexnet,50/50,vgg,bing,50/50,0.07333334,0.0,0.14666666666666667
372,google,True,Square,alexnet,50/50,alexnet,google,20/80,0.102389075,0.06944444444444445,0.1342281879194631
373,google,True,Square,alexnet,50/50,alexnet,google,30/70,0.06756757,0.02054794520547945,0.11333333333333333
374,google,True,Square,alexnet,50/50,alexnet,google,40/60,0.08813559,0.04081632653061224,0.13513513513513514
375,google,True,Square,alexnet,50/50,alexnet,google,50/50,0.105442174,0.08843537414965986,0.12244897959183673
376,google,True,Square,alexnet,50/50,resnet,google,20/80,0.09152542,0.04827586206896552,0.13333333333333333
377,google,True,Square,alexnet,50/50,resnet,google,30/70,0.090301,0.053691275167785234,0.12666666666666668
378,google,True,Square,alexnet,50/50,resnet,google,40/60,0.07070707,0.006711409395973154,0.13513513513513514
379,google,True,Square,alexnet,50/50,resnet,google,50/50,0.07457627,0.013422818791946308,0.136986301369863
380,google,True,Square,alexnet,50/50,vgg,google,20/80,0.17171717,0.21768707482993196,0.12666666666666668
381,google,True,Square,alexnet,50/50,vgg,google,30/70,0.07023411,0.006711409395973154,0.13333333333333333
382,google,True,Square,alexnet,50/50,vgg,google,40/60,0.06734007,0.0,0.13513513513513514
383,google,True,Square,alexnet,50/50,vgg,google,50/50,0.07070707,0.006711409395973154,0.13513513513513514
384,google,True,Square,resnet,20/80,alexnet,bing,20/80,0.030000001,0.05333333333333334,0.006666666666666667
385,google,True,Square,resnet,20/80,alexnet,bing,30/70,0.02,0.02666666666666667,0.013333333333333334
386,google,True,Square,resnet,20/80,alexnet,bing,40/60,0.046666667,0.013333333333333334,0.08
387,google,True,Square,resnet,20/80,alexnet,bing,50/50,0.08,0.013333333333333334,0.14666666666666667
388,google,True,Square,resnet,20/80,resnet,bing,20/80,0.086666666,0.16666666666666666,0.006666666666666667
389,google,True,Square,resnet,20/80,resnet,bing,30/70,0.08,0.13333333333333333,0.02666666666666667
390,google,True,Square,resnet,20/80,resnet,bing,40/60,0.046666667,0.02,0.07333333333333333
391,google,True,Square,resnet,20/80,resnet,bing,50/50,0.093333334,0.006666666666666667,0.18
392,google,True,Square,resnet,20/80,vgg,bing,20/80,0.05666667,0.04666666666666667,0.06666666666666667
393,google,True,Square,resnet,20/80,vgg,bing,30/70,0.06666667,0.06,0.07333333333333333
394,google,True,Square,resnet,20/80,vgg,bing,40/60,0.14333333,0.0,0.2866666666666667
395,google,True,Square,resnet,20/80,vgg,bing,50/50,0.17666668,0.0,0.35333333333333333
396,google,True,Square,resnet,20/80,alexnet,google,20/80,0.054607507,0.006944444444444444,0.10067114093959731
397,google,True,Square,resnet,20/80,alexnet,google,30/70,0.04391892,0.0,0.08666666666666667
398,google,True,Square,resnet,20/80,alexnet,google,40/60,0.06440678,0.006802721088435374,0.12162162162162163
399,google,True,Square,resnet,20/80,alexnet,google,50/50,0.06462585,0.0,0.1292517006802721
400,google,True,Square,resnet,20/80,resnet,google,20/80,0.06779661,0.020689655172413793,0.11333333333333333
401,google,True,Square,resnet,20/80,resnet,google,30/70,0.04682274,0.020134228187919462,0.07333333333333333
402,google,True,Square,resnet,20/80,resnet,google,40/60,0.107744105,0.013422818791946308,0.20270270270270271
403,google,True,Square,resnet,20/80,resnet,google,50/50,0.122033894,0.013422818791946308,0.2328767123287671
404,google,True,Square,resnet,20/80,vgg,google,20/80,0.06060606,0.02040816326530612,0.1
405,google,True,Square,resnet,20/80,vgg,google,30/70,0.1438127,0.0,0.2866666666666667
406,google,True,Square,resnet,20/80,vgg,google,40/60,0.15151514,0.0,0.30405405405405406
407,google,True,Square,resnet,20/80,vgg,google,50/50,0.17845118,0.0,0.3581081081081081
408,google,True,Square,resnet,30/70,alexnet,bing,20/80,0.033333335,0.06,0.006666666666666667
409,google,True,Square,resnet,30/70,alexnet,bing,30/70,0.030000001,0.05333333333333334,0.006666666666666667
410,google,True,Square,resnet,30/70,alexnet,bing,40/60,0.04,0.02666666666666667,0.05333333333333334
411,google,True,Square,resnet,30/70,alexnet,bing,50/50,0.06666667,0.013333333333333334,0.12
412,google,True,Square,resnet,30/70,resnet,bing,20/80,0.09,0.18,0.0
413,google,True,Square,resnet,30/70,resnet,bing,30/70,0.07,0.13333333333333333,0.006666666666666667
414,google,True,Square,resnet,30/70,resnet,bing,40/60,0.053333335,0.05333333333333334,0.05333333333333334
415,google,True,Square,resnet,30/70,resnet,bing,50/50,0.083333336,0.04,0.12666666666666668
416,google,True,Square,resnet,30/70,vgg,bing,20/80,0.06666667,0.08,0.05333333333333334
417,google,True,Square,resnet,30/70,vgg,bing,30/70,0.083333336,0.11333333333333333,0.05333333333333334
418,google,True,Square,resnet,30/70,vgg,bing,40/60,0.120000005,0.02,0.22
419,google,True,Square,resnet,30/70,vgg,bing,50/50,0.18333334,0.013333333333333334,0.35333333333333333
420,google,True,Square,resnet,30/70,alexnet,google,20/80,0.0443686,0.006944444444444444,0.08053691275167785
