,source_dataset,isMath,attack,source_model,source_balancing,target_model,target_dataset,target_balancing,asr,asr_0,asr_1
0,bing,True,DeepFool,alexnet,20/80,alexnet,bing,20/80,0.3298611,0.5289855072463768,0.14666666666666667
1,bing,True,DeepFool,alexnet,20/80,alexnet,bing,30/70,0.5239726,0.9014084507042254,0.16666666666666666
2,bing,True,DeepFool,alexnet,20/80,alexnet,bing,40/60,0.16666666,0.06896551724137931,0.26174496644295303
3,bing,True,DeepFool,alexnet,20/80,alexnet,bing,50/50,0.25762713,0.19863013698630136,0.31543624161073824
4,bing,True,DeepFool,alexnet,20/80,resnet,bing,20/80,0.15017064,0.25874125874125875,0.04666666666666667
5,bing,True,DeepFool,alexnet,20/80,resnet,bing,30/70,0.08503401,0.09027777777777778,0.08
6,bing,True,DeepFool,alexnet,20/80,resnet,bing,40/60,0.10508475,0.027586206896551724,0.18
7,bing,True,DeepFool,alexnet,20/80,resnet,bing,50/50,0.13513514,0.00684931506849315,0.26
8,bing,True,DeepFool,alexnet,20/80,vgg,bing,20/80,0.32203388,0.6482758620689655,0.006666666666666667
9,bing,True,DeepFool,alexnet,20/80,vgg,bing,30/70,0.2244898,0.4375,0.02
10,bing,True,DeepFool,alexnet,20/80,vgg,bing,40/60,0.07118644,0.0896551724137931,0.05333333333333334
11,bing,True,DeepFool,alexnet,20/80,vgg,bing,50/50,0.07118644,0.05517241379310345,0.08666666666666667
12,bing,True,DeepFool,alexnet,20/80,alexnet,google,20/80,0.30666667,0.46,0.15333333333333332
13,bing,True,DeepFool,alexnet,20/80,alexnet,google,30/70,0.15,0.08666666666666667,0.21333333333333335
14,bing,True,DeepFool,alexnet,20/80,alexnet,google,40/60,0.17,0.06,0.28
15,bing,True,DeepFool,alexnet,20/80,alexnet,google,50/50,0.16666667,0.04666666666666667,0.2866666666666667
16,bing,True,DeepFool,alexnet,20/80,resnet,google,20/80,0.12666667,0.13333333333333333,0.12
17,bing,True,DeepFool,alexnet,20/80,resnet,google,30/70,0.07333334,0.08,0.06666666666666667
18,bing,True,DeepFool,alexnet,20/80,resnet,google,40/60,0.093333334,0.03333333333333333,0.15333333333333332
19,bing,True,DeepFool,alexnet,20/80,resnet,google,50/50,0.10666667,0.02,0.19333333333333333
20,bing,True,DeepFool,alexnet,20/80,vgg,google,20/80,0.31666666,0.6266666666666667,0.006666666666666667
21,bing,True,DeepFool,alexnet,20/80,vgg,google,30/70,0.09666667,0.14,0.05333333333333334
22,bing,True,DeepFool,alexnet,20/80,vgg,google,40/60,0.07666667,0.1,0.05333333333333334
23,bing,True,DeepFool,alexnet,20/80,vgg,google,50/50,0.07666667,0.08666666666666667,0.06666666666666667
24,bing,True,DeepFool,alexnet,30/70,alexnet,bing,20/80,0.2013889,0.39855072463768115,0.02
25,bing,True,DeepFool,alexnet,30/70,alexnet,bing,30/70,0.48972604,0.9859154929577465,0.02
26,bing,True,DeepFool,alexnet,30/70,alexnet,bing,40/60,0.06122449,0.07586206896551724,0.04697986577181208
27,bing,True,DeepFool,alexnet,30/70,alexnet,bing,50/50,0.24067797,0.4178082191780822,0.06711409395973154
28,bing,True,DeepFool,alexnet,30/70,resnet,bing,20/80,0.105802044,0.2097902097902098,0.006666666666666667
29,bing,True,DeepFool,alexnet,30/70,resnet,bing,30/70,0.030612245,0.04861111111111111,0.013333333333333334
30,bing,True,DeepFool,alexnet,30/70,resnet,bing,40/60,0.016949153,0.006896551724137931,0.02666666666666667
31,bing,True,DeepFool,alexnet,30/70,resnet,bing,50/50,0.030405406,0.0,0.06
32,bing,True,DeepFool,alexnet,30/70,vgg,bing,20/80,0.27118644,0.5517241379310345,0.0
33,bing,True,DeepFool,alexnet,30/70,vgg,bing,30/70,0.12244898,0.24305555555555555,0.006666666666666667
34,bing,True,DeepFool,alexnet,30/70,vgg,bing,40/60,0.027118644,0.041379310344827586,0.013333333333333334
35,bing,True,DeepFool,alexnet,30/70,vgg,bing,50/50,0.033898305,0.034482758620689655,0.03333333333333333
36,bing,True,DeepFool,alexnet,30/70,alexnet,google,20/80,0.32,0.6066666666666667,0.03333333333333333
37,bing,True,DeepFool,alexnet,30/70,alexnet,google,30/70,0.04,0.04666666666666667,0.03333333333333333
38,bing,True,DeepFool,alexnet,30/70,alexnet,google,40/60,0.033333335,0.02666666666666667,0.04
39,bing,True,DeepFool,alexnet,30/70,alexnet,google,50/50,0.033333335,0.02666666666666667,0.04
40,bing,True,DeepFool,alexnet,30/70,resnet,google,20/80,0.030000001,0.04,0.02
41,bing,True,DeepFool,alexnet,30/70,resnet,google,30/70,0.026666667,0.03333333333333333,0.02
42,bing,True,DeepFool,alexnet,30/70,resnet,google,40/60,0.030000001,0.02666666666666667,0.03333333333333333
43,bing,True,DeepFool,alexnet,30/70,resnet,google,50/50,0.030000001,0.013333333333333334,0.04666666666666667
44,bing,True,DeepFool,alexnet,30/70,vgg,google,20/80,0.25666666,0.5133333333333333,0.0
45,bing,True,DeepFool,alexnet,30/70,vgg,google,30/70,0.046666667,0.08666666666666667,0.006666666666666667
46,bing,True,DeepFool,alexnet,30/70,vgg,google,40/60,0.030000001,0.05333333333333334,0.006666666666666667
47,bing,True,DeepFool,alexnet,30/70,vgg,google,50/50,0.033333335,0.04666666666666667,0.02
48,bing,True,DeepFool,alexnet,40/60,alexnet,bing,20/80,0.28472224,0.5942028985507246,0.0
49,bing,True,DeepFool,alexnet,40/60,alexnet,bing,30/70,0.29109588,0.5985915492957746,0.0
50,bing,True,DeepFool,alexnet,40/60,alexnet,bing,40/60,0.1462585,0.296551724137931,0.0
51,bing,True,DeepFool,alexnet,40/60,alexnet,bing,50/50,0.098305084,0.19863013698630136,0.0
52,bing,True,DeepFool,alexnet,40/60,resnet,bing,20/80,0.22184299,0.45454545454545453,0.0
53,bing,True,DeepFool,alexnet,40/60,resnet,bing,30/70,0.15646258,0.3194444444444444,0.0
54,bing,True,DeepFool,alexnet,40/60,resnet,bing,40/60,0.044067796,0.0896551724137931,0.0
55,bing,True,DeepFool,alexnet,40/60,resnet,bing,50/50,0.013513514,0.0273972602739726,0.0
56,bing,True,DeepFool,alexnet,40/60,vgg,bing,20/80,0.4033898,0.8206896551724138,0.0
57,bing,True,DeepFool,alexnet,40/60,vgg,bing,30/70,0.36394557,0.7430555555555556,0.0
58,bing,True,DeepFool,alexnet,40/60,vgg,bing,40/60,0.11525424,0.23448275862068965,0.0
59,bing,True,DeepFool,alexnet,40/60,vgg,bing,50/50,0.07118644,0.14482758620689656,0.0
60,bing,True,DeepFool,alexnet,40/60,alexnet,google,20/80,0.21000001,0.42,0.0
61,bing,True,DeepFool,alexnet,40/60,alexnet,google,30/70,0.18333334,0.36666666666666664,0.0
62,bing,True,DeepFool,alexnet,40/60,alexnet,google,40/60,0.12666667,0.25333333333333335,0.0
63,bing,True,DeepFool,alexnet,40/60,alexnet,google,50/50,0.11,0.22,0.0
64,bing,True,DeepFool,alexnet,40/60,resnet,google,20/80,0.16333334,0.32666666666666666,0.0
65,bing,True,DeepFool,alexnet,40/60,resnet,google,30/70,0.11333334,0.22666666666666666,0.0
66,bing,True,DeepFool,alexnet,40/60,resnet,google,40/60,0.060000002,0.12,0.0
67,bing,True,DeepFool,alexnet,40/60,resnet,google,50/50,0.023333333,0.04,0.006666666666666667
68,bing,True,DeepFool,alexnet,40/60,vgg,google,20/80,0.39333335,0.7866666666666666,0.0
69,bing,True,DeepFool,alexnet,40/60,vgg,google,30/70,0.21000001,0.42,0.0
70,bing,True,DeepFool,alexnet,40/60,vgg,google,40/60,0.16,0.32,0.0
71,bing,True,DeepFool,alexnet,40/60,vgg,google,50/50,0.11,0.22,0.0
72,bing,True,DeepFool,alexnet,50/50,alexnet,bing,20/80,0.15972222,0.32608695652173914,0.006666666666666667
73,bing,True,DeepFool,alexnet,50/50,alexnet,bing,30/70,0.48287672,0.9859154929577465,0.006666666666666667
74,bing,True,DeepFool,alexnet,50/50,alexnet,bing,40/60,0.091836736,0.1793103448275862,0.006711409395973154
75,bing,True,DeepFool,alexnet,50/50,alexnet,bing,50/50,0.35254237,0.7054794520547946,0.006711409395973154
76,bing,True,DeepFool,alexnet,50/50,resnet,bing,20/80,0.15358362,0.3146853146853147,0.0
77,bing,True,DeepFool,alexnet,50/50,resnet,bing,30/70,0.010204081,0.020833333333333332,0.0
78,bing,True,DeepFool,alexnet,50/50,resnet,bing,40/60,0.0,0.0,0.0
79,bing,True,DeepFool,alexnet,50/50,resnet,bing,50/50,0.0,0.0,0.0
80,bing,True,DeepFool,alexnet,50/50,vgg,bing,20/80,0.28474575,0.5793103448275863,0.0
81,bing,True,DeepFool,alexnet,50/50,vgg,bing,30/70,0.08503401,0.1736111111111111,0.0
82,bing,True,DeepFool,alexnet,50/50,vgg,bing,40/60,0.0,0.0,0.0
83,bing,True,DeepFool,alexnet,50/50,vgg,bing,50/50,0.0,0.0,0.0
84,bing,True,DeepFool,alexnet,50/50,alexnet,google,20/80,0.39333335,0.78,0.006666666666666667
85,bing,True,DeepFool,alexnet,50/50,alexnet,google,30/70,0.016666668,0.02666666666666667,0.006666666666666667
86,bing,True,DeepFool,alexnet,50/50,alexnet,google,40/60,0.013333334,0.02,0.006666666666666667
87,bing,True,DeepFool,alexnet,50/50,alexnet,google,50/50,0.013333334,0.02,0.006666666666666667
88,bing,True,DeepFool,alexnet,50/50,resnet,google,20/80,0.016666668,0.03333333333333333,0.0
89,bing,True,DeepFool,alexnet,50/50,resnet,google,30/70,0.01,0.02,0.0
90,bing,True,DeepFool,alexnet,50/50,resnet,google,40/60,0.006666667,0.013333333333333334,0.0
91,bing,True,DeepFool,alexnet,50/50,resnet,google,50/50,0.006666667,0.0,0.013333333333333334
92,bing,True,DeepFool,alexnet,50/50,vgg,google,20/80,0.27,0.54,0.0
93,bing,True,DeepFool,alexnet,50/50,vgg,google,30/70,0.01,0.02,0.0
94,bing,True,DeepFool,alexnet,50/50,vgg,google,40/60,0.01,0.02,0.0
95,bing,True,DeepFool,alexnet,50/50,vgg,google,50/50,0.01,0.02,0.0
96,bing,True,DeepFool,resnet,20/80,alexnet,bing,20/80,0.33680555,0.021739130434782608,0.6266666666666667
97,bing,True,DeepFool,resnet,20/80,alexnet,bing,30/70,0.31506848,0.028169014084507043,0.5866666666666667
98,bing,True,DeepFool,resnet,20/80,alexnet,bing,40/60,0.44217685,0.013793103448275862,0.8590604026845637
99,bing,True,DeepFool,resnet,20/80,alexnet,bing,50/50,0.46101695,0.0,0.912751677852349
100,bing,True,DeepFool,resnet,20/80,resnet,bing,20/80,0.5904437,0.27972027972027974,0.8866666666666667
101,bing,True,DeepFool,resnet,20/80,resnet,bing,30/70,0.5952381,0.2222222222222222,0.9533333333333334
102,bing,True,DeepFool,resnet,20/80,resnet,bing,40/60,0.5457627,0.08275862068965517,0.9933333333333333
103,bing,True,DeepFool,resnet,20/80,resnet,bing,50/50,0.5202703,0.0273972602739726,1.0
104,bing,True,DeepFool,resnet,20/80,vgg,bing,20/80,0.2542373,0.4068965517241379,0.10666666666666667
105,bing,True,DeepFool,resnet,20/80,vgg,bing,30/70,0.28571427,0.3402777777777778,0.23333333333333334
106,bing,True,DeepFool,resnet,20/80,vgg,bing,40/60,0.41355932,0.0896551724137931,0.7266666666666667
107,bing,True,DeepFool,resnet,20/80,vgg,bing,50/50,0.46101695,0.027586206896551724,0.88
108,bing,True,DeepFool,resnet,20/80,alexnet,google,20/80,0.4,0.06666666666666667,0.7333333333333333
109,bing,True,DeepFool,resnet,20/80,alexnet,google,30/70,0.4466667,0.06666666666666667,0.8266666666666667
110,bing,True,DeepFool,resnet,20/80,alexnet,google,40/60,0.46666667,0.05333333333333334,0.88
111,bing,True,DeepFool,resnet,20/80,alexnet,google,50/50,0.46666667,0.03333333333333333,0.9
112,bing,True,DeepFool,resnet,20/80,resnet,google,20/80,0.60333335,0.22666666666666666,0.98
113,bing,True,DeepFool,resnet,20/80,resnet,google,30/70,0.56666666,0.16666666666666666,0.9666666666666667
114,bing,True,DeepFool,resnet,20/80,resnet,google,40/60,0.5366667,0.08666666666666667,0.9866666666666667
115,bing,True,DeepFool,resnet,20/80,resnet,google,50/50,0.52000004,0.04666666666666667,0.9933333333333333
116,bing,True,DeepFool,resnet,20/80,vgg,google,20/80,0.25,0.34,0.16
117,bing,True,DeepFool,resnet,20/80,vgg,google,30/70,0.4166667,0.11333333333333333,0.72
118,bing,True,DeepFool,resnet,20/80,vgg,google,40/60,0.45333335,0.1,0.8066666666666666
119,bing,True,DeepFool,resnet,20/80,vgg,google,50/50,0.48333335,0.04,0.9266666666666666
120,bing,True,DeepFool,resnet,30/70,alexnet,bing,20/80,0.26041666,0.057971014492753624,0.44666666666666666
121,bing,True,DeepFool,resnet,30/70,alexnet,bing,30/70,0.25342464,0.02112676056338028,0.47333333333333333
122,bing,True,DeepFool,resnet,30/70,alexnet,bing,40/60,0.39795917,0.006896551724137931,0.7785234899328859
123,bing,True,DeepFool,resnet,30/70,alexnet,bing,50/50,0.41355932,0.0,0.8187919463087249
124,bing,True,DeepFool,resnet,30/70,resnet,bing,20/80,0.5255973,0.27972027972027974,0.76
125,bing,True,DeepFool,resnet,30/70,resnet,bing,30/70,0.53401357,0.20833333333333334,0.8466666666666667
126,bing,True,DeepFool,resnet,30/70,resnet,bing,40/60,0.51864403,0.07586206896551724,0.9466666666666667
127,bing,True,DeepFool,resnet,30/70,resnet,bing,50/50,0.5202703,0.04794520547945205,0.98
128,bing,True,DeepFool,resnet,30/70,vgg,bing,20/80,0.24745762,0.4413793103448276,0.06
129,bing,True,DeepFool,resnet,30/70,vgg,bing,30/70,0.25170067,0.375,0.13333333333333333
130,bing,True,DeepFool,resnet,30/70,vgg,bing,40/60,0.32203388,0.08275862068965517,0.5533333333333333
131,bing,True,DeepFool,resnet,30/70,vgg,bing,50/50,0.420339,0.041379310344827586,0.7866666666666666
132,bing,True,DeepFool,resnet,30/70,alexnet,google,20/80,0.37,0.06,0.68
133,bing,True,DeepFool,resnet,30/70,alexnet,google,30/70,0.39333335,0.06,0.7266666666666667
134,bing,True,DeepFool,resnet,30/70,alexnet,google,40/60,0.43,0.04666666666666667,0.8133333333333334
135,bing,True,DeepFool,resnet,30/70,alexnet,google,50/50,0.43333334,0.03333333333333333,0.8333333333333334
136,bing,True,DeepFool,resnet,30/70,resnet,google,20/80,0.58000004,0.22666666666666666,0.9333333333333333
137,bing,True,DeepFool,resnet,30/70,resnet,google,30/70,0.49333334,0.15333333333333332,0.8333333333333334
138,bing,True,DeepFool,resnet,30/70,resnet,google,40/60,0.5266667,0.08666666666666667,0.9666666666666667
139,bing,True,DeepFool,resnet,30/70,resnet,google,50/50,0.52000004,0.06666666666666667,0.9733333333333334
140,bing,True,DeepFool,resnet,30/70,vgg,google,20/80,0.24666667,0.3933333333333333,0.1
141,bing,True,DeepFool,resnet,30/70,vgg,google,30/70,0.36333334,0.14,0.5866666666666667
142,bing,True,DeepFool,resnet,30/70,vgg,google,40/60,0.36333334,0.08666666666666667,0.64
143,bing,True,DeepFool,resnet,30/70,vgg,google,50/50,0.44,0.04666666666666667,0.8333333333333334
144,bing,True,DeepFool,resnet,40/60,alexnet,bing,20/80,0.11111111,0.036231884057971016,0.18
145,bing,True,DeepFool,resnet,40/60,alexnet,bing,30/70,0.19863014,0.13380281690140844,0.26
146,bing,True,DeepFool,resnet,40/60,alexnet,bing,40/60,0.207483,0.006896551724137931,0.40268456375838924
147,bing,True,DeepFool,resnet,40/60,alexnet,bing,50/50,0.25762713,0.00684931506849315,0.5033557046979866
148,bing,True,DeepFool,resnet,40/60,resnet,bing,20/80,0.4641638,0.43356643356643354,0.49333333333333335
149,bing,True,DeepFool,resnet,40/60,resnet,bing,30/70,0.41836733,0.2222222222222222,0.6066666666666667
150,bing,True,DeepFool,resnet,40/60,resnet,bing,40/60,0.4474576,0.06896551724137931,0.8133333333333334
151,bing,True,DeepFool,resnet,40/60,resnet,bing,50/50,0.46283785,0.0273972602739726,0.8866666666666667
152,bing,True,DeepFool,resnet,40/60,vgg,bing,20/80,0.32881355,0.6413793103448275,0.02666666666666667
153,bing,True,DeepFool,resnet,40/60,vgg,bing,30/70,0.2585034,0.4791666666666667,0.04666666666666667
154,bing,True,DeepFool,resnet,40/60,vgg,bing,40/60,0.22711864,0.13793103448275862,0.31333333333333335
155,bing,True,DeepFool,resnet,40/60,vgg,bing,50/50,0.32203388,0.06206896551724138,0.5733333333333334
156,bing,True,DeepFool,resnet,40/60,alexnet,google,20/80,0.18,0.06,0.3
157,bing,True,DeepFool,resnet,40/60,alexnet,google,30/70,0.19,0.05333333333333334,0.32666666666666666
158,bing,True,DeepFool,resnet,40/60,alexnet,google,40/60,0.26333335,0.04666666666666667,0.48
159,bing,True,DeepFool,resnet,40/60,alexnet,google,50/50,0.26666668,0.02666666666666667,0.5066666666666667
160,bing,True,DeepFool,resnet,40/60,resnet,google,20/80,0.47,0.21333333333333335,0.7266666666666667
161,bing,True,DeepFool,resnet,40/60,resnet,google,30/70,0.34666666,0.1,0.5933333333333334
162,bing,True,DeepFool,resnet,40/60,resnet,google,40/60,0.43666667,0.06666666666666667,0.8066666666666666
163,bing,True,DeepFool,resnet,40/60,resnet,google,50/50,0.45333335,0.04666666666666667,0.86
164,bing,True,DeepFool,resnet,40/60,vgg,google,20/80,0.29333335,0.5466666666666666,0.04
165,bing,True,DeepFool,resnet,40/60,vgg,google,30/70,0.23333333,0.14,0.32666666666666666
166,bing,True,DeepFool,resnet,40/60,vgg,google,40/60,0.23333333,0.10666666666666667,0.36
167,bing,True,DeepFool,resnet,40/60,vgg,google,50/50,0.29333335,0.06,0.5266666666666666
168,bing,True,DeepFool,resnet,50/50,alexnet,bing,20/80,0.034722224,0.028985507246376812,0.04
169,bing,True,DeepFool,resnet,50/50,alexnet,bing,30/70,0.19520548,0.323943661971831,0.07333333333333333
170,bing,True,DeepFool,resnet,50/50,alexnet,bing,40/60,0.07823129,0.0,0.15436241610738255
171,bing,True,DeepFool,resnet,50/50,alexnet,bing,50/50,0.098305084,0.00684931506849315,0.18791946308724833
172,bing,True,DeepFool,resnet,50/50,resnet,bing,20/80,0.25597268,0.2517482517482518,0.26
173,bing,True,DeepFool,resnet,50/50,resnet,bing,30/70,0.2244898,0.11805555555555555,0.32666666666666666
174,bing,True,DeepFool,resnet,50/50,resnet,bing,40/60,0.25762713,0.041379310344827586,0.4666666666666667
175,bing,True,DeepFool,resnet,50/50,resnet,bing,50/50,0.3277027,0.00684931506849315,0.64
176,bing,True,DeepFool,resnet,50/50,vgg,bing,20/80,0.27457628,0.5586206896551724,0.0
177,bing,True,DeepFool,resnet,50/50,vgg,bing,30/70,0.09863945,0.2013888888888889,0.0
178,bing,True,DeepFool,resnet,50/50,vgg,bing,40/60,0.06779661,0.041379310344827586,0.09333333333333334
179,bing,True,DeepFool,resnet,50/50,vgg,bing,50/50,0.14915255,0.034482758620689655,0.26
180,bing,True,DeepFool,resnet,50/50,alexnet,google,20/80,0.060000002,0.04,0.08
181,bing,True,DeepFool,resnet,50/50,alexnet,google,30/70,0.05666667,0.02666666666666667,0.08666666666666667
182,bing,True,DeepFool,resnet,50/50,alexnet,google,40/60,0.083333336,0.02,0.14666666666666667
183,bing,True,DeepFool,resnet,50/50,alexnet,google,50/50,0.10333334,0.02,0.18666666666666668
184,bing,True,DeepFool,resnet,50/50,resnet,google,20/80,0.23666668,0.09333333333333334,0.38
185,bing,True,DeepFool,resnet,50/50,resnet,google,30/70,0.17333333,0.04666666666666667,0.3
186,bing,True,DeepFool,resnet,50/50,resnet,google,40/60,0.26000002,0.03333333333333333,0.4866666666666667
187,bing,True,DeepFool,resnet,50/50,resnet,google,50/50,0.29666668,0.03333333333333333,0.56
188,bing,True,DeepFool,resnet,50/50,vgg,google,20/80,0.15333334,0.30666666666666664,0.0
189,bing,True,DeepFool,resnet,50/50,vgg,google,30/70,0.09,0.08,0.1
190,bing,True,DeepFool,resnet,50/50,vgg,google,40/60,0.07666667,0.06666666666666667,0.08666666666666667
191,bing,True,DeepFool,resnet,50/50,vgg,google,50/50,0.13666667,0.03333333333333333,0.24
192,bing,True,DeepFool,vgg,20/80,alexnet,bing,20/80,0.065972224,0.050724637681159424,0.08
193,bing,True,DeepFool,vgg,20/80,alexnet,bing,30/70,0.09931507,0.056338028169014086,0.14
194,bing,True,DeepFool,vgg,20/80,alexnet,bing,40/60,0.1632653,0.020689655172413793,0.30201342281879195
195,bing,True,DeepFool,vgg,20/80,alexnet,bing,50/50,0.22711864,0.00684931506849315,0.4429530201342282
196,bing,True,DeepFool,vgg,20/80,resnet,bing,20/80,0.16382252,0.2097902097902098,0.12
197,bing,True,DeepFool,vgg,20/80,resnet,bing,30/70,0.16666666,0.1111111111111111,0.22
198,bing,True,DeepFool,vgg,20/80,resnet,bing,40/60,0.28135592,0.020689655172413793,0.5333333333333333
199,bing,True,DeepFool,vgg,20/80,resnet,bing,50/50,0.35472974,0.0,0.7
200,bing,True,DeepFool,vgg,20/80,vgg,bing,20/80,0.46101695,0.8551724137931035,0.08
201,bing,True,DeepFool,vgg,20/80,vgg,bing,30/70,0.4387755,0.7777777777777778,0.11333333333333333
202,bing,True,DeepFool,vgg,20/80,vgg,bing,40/60,0.29491526,0.23448275862068965,0.35333333333333333
203,bing,True,DeepFool,vgg,20/80,vgg,bing,50/50,0.4237288,0.15172413793103448,0.6866666666666666
204,bing,True,DeepFool,vgg,20/80,alexnet,google,20/80,0.12666667,0.09333333333333334,0.16
205,bing,True,DeepFool,vgg,20/80,alexnet,google,30/70,0.13000001,0.07333333333333333,0.18666666666666668
206,bing,True,DeepFool,vgg,20/80,alexnet,google,40/60,0.23333333,0.06666666666666667,0.4
207,bing,True,DeepFool,vgg,20/80,alexnet,google,50/50,0.21666667,0.04,0.3933333333333333
208,bing,True,DeepFool,vgg,20/80,resnet,google,20/80,0.20333333,0.12,0.2866666666666667
209,bing,True,DeepFool,vgg,20/80,resnet,google,30/70,0.14666668,0.08666666666666667,0.20666666666666667
210,bing,True,DeepFool,vgg,20/80,resnet,google,40/60,0.27666667,0.04,0.5133333333333333
211,bing,True,DeepFool,vgg,20/80,resnet,google,50/50,0.35,0.02,0.68
212,bing,True,DeepFool,vgg,20/80,vgg,google,20/80,0.38,0.64,0.12
213,bing,True,DeepFool,vgg,20/80,vgg,google,30/70,0.36,0.3466666666666667,0.37333333333333335
214,bing,True,DeepFool,vgg,20/80,vgg,google,40/60,0.31,0.23333333333333334,0.38666666666666666
215,bing,True,DeepFool,vgg,20/80,vgg,google,50/50,0.37,0.14666666666666667,0.5933333333333334
216,bing,True,DeepFool,vgg,30/70,alexnet,bing,20/80,0.027777778,0.050724637681159424,0.006666666666666667
217,bing,True,DeepFool,vgg,30/70,alexnet,bing,30/70,0.04452055,0.04225352112676056,0.04666666666666667
218,bing,True,DeepFool,vgg,30/70,alexnet,bing,40/60,0.040816326,0.006896551724137931,0.0738255033557047
219,bing,True,DeepFool,vgg,30/70,alexnet,bing,50/50,0.07457627,0.00684931506849315,0.14093959731543623
220,bing,True,DeepFool,vgg,30/70,resnet,bing,20/80,0.095563136,0.1888111888111888,0.006666666666666667
221,bing,True,DeepFool,vgg,30/70,resnet,bing,30/70,0.08163265,0.11805555555555555,0.04666666666666667
222,bing,True,DeepFool,vgg,30/70,resnet,bing,40/60,0.07457627,0.0,0.14666666666666667
223,bing,True,DeepFool,vgg,30/70,resnet,bing,50/50,0.1722973,0.0,0.34
224,bing,True,DeepFool,vgg,30/70,vgg,bing,20/80,0.41694915,0.8206896551724138,0.02666666666666667
225,bing,True,DeepFool,vgg,30/70,vgg,bing,30/70,0.45918366,0.8541666666666666,0.08
226,bing,True,DeepFool,vgg,30/70,vgg,bing,40/60,0.2542373,0.31724137931034485,0.19333333333333333
227,bing,True,DeepFool,vgg,30/70,vgg,bing,50/50,0.32881355,0.21379310344827587,0.44
228,bing,True,DeepFool,vgg,30/70,alexnet,google,20/80,0.060000002,0.10666666666666667,0.013333333333333334
229,bing,True,DeepFool,vgg,30/70,alexnet,google,30/70,0.05,0.07333333333333333,0.02666666666666667
230,bing,True,DeepFool,vgg,30/70,alexnet,google,40/60,0.07,0.06,0.08
231,bing,True,DeepFool,vgg,30/70,alexnet,google,50/50,0.07333334,0.03333333333333333,0.11333333333333333
232,bing,True,DeepFool,vgg,30/70,resnet,google,20/80,0.13666667,0.18,0.09333333333333334
233,bing,True,DeepFool,vgg,30/70,resnet,google,30/70,0.093333334,0.10666666666666667,0.08
234,bing,True,DeepFool,vgg,30/70,resnet,google,40/60,0.10333334,0.02666666666666667,0.18
235,bing,True,DeepFool,vgg,30/70,resnet,google,50/50,0.14333333,0.02,0.26666666666666666
236,bing,True,DeepFool,vgg,30/70,vgg,google,20/80,0.37333333,0.66,0.08666666666666667
237,bing,True,DeepFool,vgg,30/70,vgg,google,30/70,0.30666667,0.42,0.19333333333333333
238,bing,True,DeepFool,vgg,30/70,vgg,google,40/60,0.27,0.3,0.24
239,bing,True,DeepFool,vgg,30/70,vgg,google,50/50,0.27666667,0.23333333333333334,0.32
240,bing,True,DeepFool,vgg,40/60,alexnet,bing,20/80,0.024305556,0.043478260869565216,0.006666666666666667
241,bing,True,DeepFool,vgg,40/60,alexnet,bing,30/70,0.023972603,0.035211267605633804,0.013333333333333334
242,bing,True,DeepFool,vgg,40/60,alexnet,bing,40/60,0.010204081,0.006896551724137931,0.013422818791946308
243,bing,True,DeepFool,vgg,40/60,alexnet,bing,50/50,0.013559322,0.00684931506849315,0.020134228187919462
244,bing,True,DeepFool,vgg,40/60,resnet,bing,20/80,0.07849829,0.16083916083916083,0.0
245,bing,True,DeepFool,vgg,40/60,resnet,bing,30/70,0.051020406,0.10416666666666667,0.0
246,bing,True,DeepFool,vgg,40/60,resnet,bing,40/60,0.027118644,0.013793103448275862,0.04
247,bing,True,DeepFool,vgg,40/60,resnet,bing,50/50,0.06756757,0.0,0.13333333333333333
248,bing,True,DeepFool,vgg,40/60,vgg,bing,20/80,0.4677966,0.9517241379310345,0.0
249,bing,True,DeepFool,vgg,40/60,vgg,bing,30/70,0.47619048,0.9444444444444444,0.02666666666666667
250,bing,True,DeepFool,vgg,40/60,vgg,bing,40/60,0.3016949,0.5241379310344828,0.08666666666666667
251,bing,True,DeepFool,vgg,40/60,vgg,bing,50/50,0.28474575,0.36551724137931035,0.20666666666666667
252,bing,True,DeepFool,vgg,40/60,alexnet,google,20/80,0.04,0.07333333333333333,0.006666666666666667
253,bing,True,DeepFool,vgg,40/60,alexnet,google,30/70,0.03666667,0.06666666666666667,0.006666666666666667
254,bing,True,DeepFool,vgg,40/60,alexnet,google,40/60,0.043333333,0.06,0.02666666666666667
255,bing,True,DeepFool,vgg,40/60,alexnet,google,50/50,0.033333335,0.02666666666666667,0.04
256,bing,True,DeepFool,vgg,40/60,resnet,google,20/80,0.06666667,0.12,0.013333333333333334
257,bing,True,DeepFool,vgg,40/60,resnet,google,30/70,0.05666667,0.1,0.013333333333333334
258,bing,True,DeepFool,vgg,40/60,resnet,google,40/60,0.05,0.05333333333333334,0.04666666666666667
259,bing,True,DeepFool,vgg,40/60,resnet,google,50/50,0.07666667,0.02,0.13333333333333333
260,bing,True,DeepFool,vgg,40/60,vgg,google,20/80,0.46666667,0.9133333333333333,0.02
261,bing,True,DeepFool,vgg,40/60,vgg,google,30/70,0.38333336,0.6866666666666666,0.08
262,bing,True,DeepFool,vgg,40/60,vgg,google,40/60,0.28333333,0.49333333333333335,0.07333333333333333
263,bing,True,DeepFool,vgg,40/60,vgg,google,50/50,0.25666666,0.37333333333333335,0.14
264,bing,True,DeepFool,vgg,50/50,alexnet,bing,20/80,0.024305556,0.050724637681159424,0.0
265,bing,True,DeepFool,vgg,50/50,alexnet,bing,30/70,0.02739726,0.04929577464788732,0.006666666666666667
266,bing,True,DeepFool,vgg,50/50,alexnet,bing,40/60,0.0,0.0,0.0
267,bing,True,DeepFool,vgg,50/50,alexnet,bing,50/50,0.0033898305,0.00684931506849315,0.0
268,bing,True,DeepFool,vgg,50/50,resnet,bing,20/80,0.0887372,0.18181818181818182,0.0
269,bing,True,DeepFool,vgg,50/50,resnet,bing,30/70,0.06122449,0.125,0.0
270,bing,True,DeepFool,vgg,50/50,resnet,bing,40/60,0.006779661,0.013793103448275862,0.0
271,bing,True,DeepFool,vgg,50/50,resnet,bing,50/50,0.006756757,0.0,0.013333333333333334
272,bing,True,DeepFool,vgg,50/50,vgg,bing,20/80,0.4779661,0.9724137931034482,0.0
273,bing,True,DeepFool,vgg,50/50,vgg,bing,30/70,0.47959182,0.9791666666666666,0.0
274,bing,True,DeepFool,vgg,50/50,vgg,bing,40/60,0.2677966,0.5103448275862069,0.03333333333333333
275,bing,True,DeepFool,vgg,50/50,vgg,bing,50/50,0.29152542,0.4827586206896552,0.10666666666666667
276,bing,True,DeepFool,vgg,50/50,alexnet,google,20/80,0.03666667,0.07333333333333333,0.0
277,bing,True,DeepFool,vgg,50/50,alexnet,google,30/70,0.030000001,0.06,0.0
278,bing,True,DeepFool,vgg,50/50,alexnet,google,40/60,0.026666667,0.05333333333333334,0.0
279,bing,True,DeepFool,vgg,50/50,alexnet,google,50/50,0.023333333,0.04,0.006666666666666667
280,bing,True,DeepFool,vgg,50/50,resnet,google,20/80,0.06333333,0.12666666666666668,0.0
281,bing,True,DeepFool,vgg,50/50,resnet,google,30/70,0.053333335,0.10666666666666667,0.0
282,bing,True,DeepFool,vgg,50/50,resnet,google,40/60,0.026666667,0.04666666666666667,0.006666666666666667
283,bing,True,DeepFool,vgg,50/50,resnet,google,50/50,0.030000001,0.02,0.04
284,bing,True,DeepFool,vgg,50/50,vgg,google,20/80,0.45666668,0.9066666666666666,0.006666666666666667
285,bing,True,DeepFool,vgg,50/50,vgg,google,30/70,0.41333336,0.7866666666666666,0.04
286,bing,True,DeepFool,vgg,50/50,vgg,google,40/60,0.27666667,0.5266666666666666,0.02666666666666667
287,bing,True,DeepFool,vgg,50/50,vgg,google,50/50,0.27666667,0.46,0.09333333333333334
288,google,True,DeepFool,alexnet,20/80,alexnet,bing,20/80,0.03666667,0.07333333333333333,0.0
289,google,True,DeepFool,alexnet,20/80,alexnet,bing,30/70,0.46666667,0.9333333333333333,0.0
290,google,True,DeepFool,alexnet,20/80,alexnet,bing,40/60,0.01,0.013333333333333334,0.006666666666666667
291,google,True,DeepFool,alexnet,20/80,alexnet,bing,50/50,0.24000001,0.42,0.06
292,google,True,DeepFool,alexnet,20/80,resnet,bing,20/80,0.17666668,0.34,0.013333333333333334
293,google,True,DeepFool,alexnet,20/80,resnet,bing,30/70,0.013333334,0.0,0.02666666666666667
294,google,True,DeepFool,alexnet,20/80,resnet,bing,40/60,0.026666667,0.0,0.05333333333333334
295,google,True,DeepFool,alexnet,20/80,resnet,bing,50/50,0.03666667,0.0,0.07333333333333333
296,google,True,DeepFool,alexnet,20/80,vgg,bing,20/80,0.19333334,0.38666666666666666,0.0
297,google,True,DeepFool,alexnet,20/80,vgg,bing,30/70,0.05,0.1,0.0
298,google,True,DeepFool,alexnet,20/80,vgg,bing,40/60,0.01,0.0,0.02
299,google,True,DeepFool,alexnet,20/80,vgg,bing,50/50,0.013333334,0.0,0.02666666666666667
300,google,True,DeepFool,alexnet,20/80,alexnet,google,20/80,0.331058,0.6527777777777778,0.020134228187919462
301,google,True,DeepFool,alexnet,20/80,alexnet,google,30/70,0.010135136,0.0,0.02
302,google,True,DeepFool,alexnet,20/80,alexnet,google,40/60,0.027118644,0.0,0.05405405405405406
303,google,True,DeepFool,alexnet,20/80,alexnet,google,50/50,0.027210884,0.0,0.05442176870748299
304,google,True,DeepFool,alexnet,20/80,resnet,google,20/80,0.016949153,0.0,0.03333333333333333
305,google,True,DeepFool,alexnet,20/80,resnet,google,30/70,0.0100334445,0.0,0.02
306,google,True,DeepFool,alexnet,20/80,resnet,google,40/60,0.023569023,0.0,0.0472972972972973
307,google,True,DeepFool,alexnet,20/80,resnet,google,50/50,0.027118644,0.0,0.0547945205479452
308,google,True,DeepFool,alexnet,20/80,vgg,google,20/80,0.15824915,0.3197278911564626,0.0
309,google,True,DeepFool,alexnet,20/80,vgg,google,30/70,0.0,0.0,0.0
310,google,True,DeepFool,alexnet,20/80,vgg,google,40/60,0.0067340066,0.0,0.013513513513513514
311,google,True,DeepFool,alexnet,20/80,vgg,google,50/50,0.01010101,0.0,0.02027027027027027
312,google,True,DeepFool,alexnet,30/70,alexnet,bing,20/80,0.16666667,0.3333333333333333,0.0
313,google,True,DeepFool,alexnet,30/70,alexnet,bing,30/70,0.15333334,0.30666666666666664,0.0
314,google,True,DeepFool,alexnet,30/70,alexnet,bing,40/60,0.05666667,0.11333333333333333,0.0
315,google,True,DeepFool,alexnet,30/70,alexnet,bing,50/50,0.03666667,0.06,0.013333333333333334
316,google,True,DeepFool,alexnet,30/70,resnet,bing,20/80,0.09,0.18,0.0
317,google,True,DeepFool,alexnet,30/70,resnet,bing,30/70,0.03666667,0.06666666666666667,0.006666666666666667
318,google,True,DeepFool,alexnet,30/70,resnet,bing,40/60,0.013333334,0.02,0.006666666666666667
319,google,True,DeepFool,alexnet,30/70,resnet,bing,50/50,0.0033333334,0.0,0.006666666666666667
320,google,True,DeepFool,alexnet,30/70,vgg,bing,20/80,0.34333333,0.6866666666666666,0.0
321,google,True,DeepFool,alexnet,30/70,vgg,bing,30/70,0.27666667,0.5533333333333333,0.0
322,google,True,DeepFool,alexnet,30/70,vgg,bing,40/60,0.033333335,0.06666666666666667,0.0
323,google,True,DeepFool,alexnet,30/70,vgg,bing,50/50,0.046666667,0.08,0.013333333333333334
324,google,True,DeepFool,alexnet,30/70,alexnet,google,20/80,0.06484641,0.13194444444444445,0.0
325,google,True,DeepFool,alexnet,30/70,alexnet,google,30/70,0.057432435,0.11643835616438356,0.0
326,google,True,DeepFool,alexnet,30/70,alexnet,google,40/60,0.030508474,0.061224489795918366,0.0
327,google,True,DeepFool,alexnet,30/70,alexnet,google,50/50,0.023809522,0.047619047619047616,0.0
328,google,True,DeepFool,alexnet,30/70,resnet,google,20/80,0.006779661,0.013793103448275862,0.0
329,google,True,DeepFool,alexnet,30/70,resnet,google,30/70,0.020066889,0.040268456375838924,0.0
330,google,True,DeepFool,alexnet,30/70,resnet,google,40/60,0.0033670033,0.006711409395973154,0.0
331,google,True,DeepFool,alexnet,30/70,resnet,google,50/50,0.0,0.0,0.0
332,google,True,DeepFool,alexnet,30/70,vgg,google,20/80,0.23569024,0.47619047619047616,0.0
333,google,True,DeepFool,alexnet,30/70,vgg,google,30/70,0.06688963,0.1342281879194631,0.0
334,google,True,DeepFool,alexnet,30/70,vgg,google,40/60,0.05050505,0.10067114093959731,0.0
335,google,True,DeepFool,alexnet,30/70,vgg,google,50/50,0.043771043,0.087248322147651,0.0
336,google,True,DeepFool,alexnet,40/60,alexnet,bing,20/80,0.12666667,0.25333333333333335,0.0
337,google,True,DeepFool,alexnet,40/60,alexnet,bing,30/70,0.08,0.16,0.0
338,google,True,DeepFool,alexnet,40/60,alexnet,bing,40/60,0.053333335,0.10666666666666667,0.0
339,google,True,DeepFool,alexnet,40/60,alexnet,bing,50/50,0.043333333,0.07333333333333333,0.013333333333333334
340,google,True,DeepFool,alexnet,40/60,resnet,bing,20/80,0.06666667,0.13333333333333333,0.0
341,google,True,DeepFool,alexnet,40/60,resnet,bing,30/70,0.046666667,0.08666666666666667,0.006666666666666667
342,google,True,DeepFool,alexnet,40/60,resnet,bing,40/60,0.016666668,0.02666666666666667,0.006666666666666667
343,google,True,DeepFool,alexnet,40/60,resnet,bing,50/50,0.006666667,0.006666666666666667,0.006666666666666667
344,google,True,DeepFool,alexnet,40/60,vgg,bing,20/80,0.14666668,0.29333333333333333,0.0
345,google,True,DeepFool,alexnet,40/60,vgg,bing,30/70,0.13000001,0.26,0.0
346,google,True,DeepFool,alexnet,40/60,vgg,bing,40/60,0.016666668,0.03333333333333333,0.0
347,google,True,DeepFool,alexnet,40/60,vgg,bing,50/50,0.02,0.02666666666666667,0.013333333333333334
348,google,True,DeepFool,alexnet,40/60,alexnet,google,20/80,0.054607507,0.1111111111111111,0.0
349,google,True,DeepFool,alexnet,40/60,alexnet,google,30/70,0.050675675,0.10273972602739725,0.0
350,google,True,DeepFool,alexnet,40/60,alexnet,google,40/60,0.047457628,0.09523809523809523,0.0
351,google,True,DeepFool,alexnet,40/60,alexnet,google,50/50,0.020408163,0.04081632653061224,0.0
352,google,True,DeepFool,alexnet,40/60,resnet,google,20/80,0.013559322,0.027586206896551724,0.0
353,google,True,DeepFool,alexnet,40/60,resnet,google,30/70,0.013377926,0.026845637583892617,0.0
354,google,True,DeepFool,alexnet,40/60,resnet,google,40/60,0.01010101,0.020134228187919462,0.0
355,google,True,DeepFool,alexnet,40/60,resnet,google,50/50,0.0,0.0,0.0
356,google,True,DeepFool,alexnet,40/60,vgg,google,20/80,0.06397306,0.1292517006802721,0.0
357,google,True,DeepFool,alexnet,40/60,vgg,google,30/70,0.013377926,0.026845637583892617,0.0
358,google,True,DeepFool,alexnet,40/60,vgg,google,40/60,0.01010101,0.020134228187919462,0.0
359,google,True,DeepFool,alexnet,40/60,vgg,google,50/50,0.0067340066,0.013422818791946308,0.0
360,google,True,DeepFool,alexnet,50/50,alexnet,bing,20/80,0.18333334,0.36666666666666664,0.0
361,google,True,DeepFool,alexnet,50/50,alexnet,bing,30/70,0.22666667,0.4533333333333333,0.0
362,google,True,DeepFool,alexnet,50/50,alexnet,bing,40/60,0.08,0.16,0.0
363,google,True,DeepFool,alexnet,50/50,alexnet,bing,50/50,0.053333335,0.09333333333333334,0.013333333333333334
364,google,True,DeepFool,alexnet,50/50,resnet,bing,20/80,0.086666666,0.17333333333333334,0.0
365,google,True,DeepFool,alexnet,50/50,resnet,bing,30/70,0.03666667,0.06666666666666667,0.006666666666666667
366,google,True,DeepFool,alexnet,50/50,resnet,bing,40/60,0.013333334,0.02,0.006666666666666667
367,google,True,DeepFool,alexnet,50/50,resnet,bing,50/50,0.006666667,0.006666666666666667,0.006666666666666667
368,google,True,DeepFool,alexnet,50/50,vgg,bing,20/80,0.33666667,0.6733333333333333,0.0
369,google,True,DeepFool,alexnet,50/50,vgg,bing,30/70,0.31333333,0.6266666666666667,0.0
370,google,True,DeepFool,alexnet,50/50,vgg,bing,40/60,0.07,0.14,0.0
371,google,True,DeepFool,alexnet,50/50,vgg,bing,50/50,0.06666667,0.12,0.013333333333333334
372,google,True,DeepFool,alexnet,50/50,alexnet,google,20/80,0.08191126,0.16666666666666666,0.0
373,google,True,DeepFool,alexnet,50/50,alexnet,google,30/70,0.057432435,0.11643835616438356,0.0
374,google,True,DeepFool,alexnet,50/50,alexnet,google,40/60,0.047457628,0.09523809523809523,0.0
375,google,True,DeepFool,alexnet,50/50,alexnet,google,50/50,0.054421768,0.10884353741496598,0.0
376,google,True,DeepFool,alexnet,50/50,resnet,google,20/80,0.013559322,0.027586206896551724,0.0
377,google,True,DeepFool,alexnet,50/50,resnet,google,30/70,0.016722407,0.03355704697986577,0.0
378,google,True,DeepFool,alexnet,50/50,resnet,google,40/60,0.0067340066,0.013422818791946308,0.0
379,google,True,DeepFool,alexnet,50/50,resnet,google,50/50,0.0033898305,0.006711409395973154,0.0
380,google,True,DeepFool,alexnet,50/50,vgg,google,20/80,0.30303028,0.6122448979591837,0.0
381,google,True,DeepFool,alexnet,50/50,vgg,google,30/70,0.11371237,0.22818791946308725,0.0
382,google,True,DeepFool,alexnet,50/50,vgg,google,40/60,0.08417508,0.16778523489932887,0.0
383,google,True,DeepFool,alexnet,50/50,vgg,google,50/50,0.06397306,0.12751677852348994,0.0
384,google,True,DeepFool,resnet,20/80,alexnet,bing,20/80,0.10666667,0.06,0.15333333333333332
385,google,True,DeepFool,resnet,20/80,alexnet,bing,30/70,0.13666667,0.08,0.19333333333333333
386,google,True,DeepFool,resnet,20/80,alexnet,bing,40/60,0.18,0.006666666666666667,0.35333333333333333
387,google,True,DeepFool,resnet,20/80,alexnet,bing,50/50,0.24666667,0.006666666666666667,0.4866666666666667
388,google,True,DeepFool,resnet,20/80,resnet,bing,20/80,0.37,0.32,0.42
389,google,True,DeepFool,resnet,20/80,resnet,bing,30/70,0.33333334,0.08,0.5866666666666667
390,google,True,DeepFool,resnet,20/80,resnet,bing,40/60,0.40666667,0.02666666666666667,0.7866666666666666
391,google,True,DeepFool,resnet,20/80,resnet,bing,50/50,0.45666668,0.02666666666666667,0.8866666666666667
392,google,True,DeepFool,resnet,20/80,vgg,bing,20/80,0.25333333,0.4866666666666667,0.02
393,google,True,DeepFool,resnet,20/80,vgg,bing,30/70,0.14666668,0.24,0.05333333333333334
394,google,True,DeepFool,resnet,20/80,vgg,bing,40/60,0.16333334,0.02666666666666667,0.3
395,google,True,DeepFool,resnet,20/80,vgg,bing,50/50,0.27333334,0.013333333333333334,0.5333333333333333
396,google,True,DeepFool,resnet,20/80,alexnet,google,20/80,0.15017064,0.0,0.2953020134228188
397,google,True,DeepFool,resnet,20/80,alexnet,google,30/70,0.1722973,0.0,0.34
398,google,True,DeepFool,resnet,20/80,alexnet,google,40/60,0.20338982,0.0,0.40540540540540543
399,google,True,DeepFool,resnet,20/80,alexnet,google,50/50,0.23469387,0.0,0.46938775510204084
400,google,True,DeepFool,resnet,20/80,resnet,google,20/80,0.38305083,0.041379310344827586,0.7133333333333334
401,google,True,DeepFool,resnet,20/80,resnet,google,30/70,0.31772575,0.026845637583892617,0.6066666666666667
402,google,True,DeepFool,resnet,20/80,resnet,google,40/60,0.4040404,0.013422818791946308,0.7972972972972973
403,google,True,DeepFool,resnet,20/80,resnet,google,50/50,0.4338983,0.006711409395973154,0.8698630136986302
404,google,True,DeepFool,resnet,20/80,vgg,google,20/80,0.18518518,0.3129251700680272,0.06
405,google,True,DeepFool,resnet,20/80,vgg,google,30/70,0.17725752,0.020134228187919462,0.3333333333333333
406,google,True,DeepFool,resnet,20/80,vgg,google,40/60,0.2020202,0.013422818791946308,0.3918918918918919
407,google,True,DeepFool,resnet,20/80,vgg,google,50/50,0.27609426,0.0,0.5540540540540541
408,google,True,DeepFool,resnet,30/70,alexnet,bing,20/80,0.016666668,0.02,0.013333333333333334
409,google,True,DeepFool,resnet,30/70,alexnet,bing,30/70,0.23333333,0.44,0.02666666666666667
410,google,True,DeepFool,resnet,30/70,alexnet,bing,40/60,0.06333333,0.0,0.12666666666666668
411,google,True,DeepFool,resnet,30/70,alexnet,bing,50/50,0.13000001,0.0,0.26
412,google,True,DeepFool,resnet,30/70,resnet,bing,20/80,0.13333334,0.18666666666666668,0.08
413,google,True,DeepFool,resnet,30/70,resnet,bing,30/70,0.08,0.03333333333333333,0.12666666666666668
414,google,True,DeepFool,resnet,30/70,resnet,bing,40/60,0.18333334,0.013333333333333334,0.35333333333333333
415,google,True,DeepFool,resnet,30/70,resnet,bing,50/50,0.26666668,0.006666666666666667,0.5266666666666666
416,google,True,DeepFool,resnet,30/70,vgg,bing,20/80,0.28666666,0.5666666666666667,0.006666666666666667
417,google,True,DeepFool,resnet,30/70,vgg,bing,30/70,0.06666667,0.11333333333333333,0.02
418,google,True,DeepFool,resnet,30/70,vgg,bing,40/60,0.046666667,0.013333333333333334,0.08
419,google,True,DeepFool,resnet,30/70,vgg,bing,50/50,0.09666667,0.006666666666666667,0.18666666666666668
420,google,True,DeepFool,resnet,30/70,alexnet,google,20/80,0.04095563,0.0,0.08053691275167785
421,google,True,DeepFool,resnet,30/70,alexnet,google,30/70,0.057432435,0.0,0.11333333333333333
422,google,True,DeepFool,resnet,30/70,alexnet,google,40/60,0.07457627,0.006802721088435374,0.14189189189189189
423,google,True,DeepFool,resnet,30/70,alexnet,google,50/50,0.09523809,0.0,0.19047619047619047
424,google,True,DeepFool,resnet,30/70,resnet,google,20/80,0.13559322,0.027586206896551724,0.24
425,google,True,DeepFool,resnet,30/70,resnet,google,30/70,0.17391305,0.03355704697986577,0.31333333333333335
426,google,True,DeepFool,resnet,30/70,resnet,google,40/60,0.19865319,0.006711409395973154,0.3918918918918919
427,google,True,DeepFool,resnet,30/70,resnet,google,50/50,0.25762713,0.0,0.5205479452054794
