,source_dataset,isMath,attack,source_model,source_balancing,target_model,target_dataset,target_balancing,asr,asr_0,asr_1
0,bing,False,GaussianNoise,alexnet,20/80,alexnet,bing,20/80,0.017361112,0.007246376811594203,0.02666666666666667
1,bing,False,GaussianNoise,alexnet,20/80,alexnet,bing,30/70,0.023972603,0.0,0.04666666666666667
2,bing,False,GaussianNoise,alexnet,20/80,alexnet,bing,40/60,0.023809522,0.0,0.04697986577181208
3,bing,False,GaussianNoise,alexnet,20/80,alexnet,bing,50/50,0.037288137,0.0,0.0738255033557047
4,bing,False,GaussianNoise,alexnet,20/80,resnet,bing,20/80,0.017064845,0.013986013986013986,0.02
5,bing,False,GaussianNoise,alexnet,20/80,resnet,bing,30/70,0.010204081,0.0,0.02
6,bing,False,GaussianNoise,alexnet,20/80,resnet,bing,40/60,0.040677965,0.0,0.08
7,bing,False,GaussianNoise,alexnet,20/80,resnet,bing,50/50,0.10135135,0.0,0.2
8,bing,False,GaussianNoise,alexnet,20/80,vgg,bing,20/80,0.06440678,0.12413793103448276,0.006666666666666667
9,bing,False,GaussianNoise,alexnet,20/80,vgg,bing,30/70,0.05782313,0.1111111111111111,0.006666666666666667
10,bing,False,GaussianNoise,alexnet,20/80,vgg,bing,40/60,0.020338982,0.013793103448275862,0.02666666666666667
11,bing,False,GaussianNoise,alexnet,20/80,vgg,bing,50/50,0.037288137,0.006896551724137931,0.06666666666666667
12,bing,False,GaussianNoise,alexnet,20/80,alexnet,google,20/80,0.026666667,0.03333333333333333,0.02
13,bing,False,GaussianNoise,alexnet,20/80,alexnet,google,30/70,0.026666667,0.02,0.03333333333333333
14,bing,False,GaussianNoise,alexnet,20/80,alexnet,google,40/60,0.053333335,0.02,0.08666666666666667
15,bing,False,GaussianNoise,alexnet,20/80,alexnet,google,50/50,0.06666667,0.013333333333333334,0.12
16,bing,False,GaussianNoise,alexnet,20/80,resnet,google,20/80,0.04,0.02,0.06
17,bing,False,GaussianNoise,alexnet,20/80,resnet,google,30/70,0.033333335,0.013333333333333334,0.05333333333333334
18,bing,False,GaussianNoise,alexnet,20/80,resnet,google,40/60,0.05,0.013333333333333334,0.08666666666666667
19,bing,False,GaussianNoise,alexnet,20/80,resnet,google,50/50,0.09,0.006666666666666667,0.17333333333333334
20,bing,False,GaussianNoise,alexnet,20/80,vgg,google,20/80,0.07,0.13333333333333333,0.006666666666666667
21,bing,False,GaussianNoise,alexnet,20/80,vgg,google,30/70,0.04,0.06,0.02
22,bing,False,GaussianNoise,alexnet,20/80,vgg,google,40/60,0.04,0.04666666666666667,0.03333333333333333
23,bing,False,GaussianNoise,alexnet,20/80,vgg,google,50/50,0.04,0.04,0.04
24,bing,False,GaussianNoise,alexnet,30/70,alexnet,bing,20/80,0.013888889,0.007246376811594203,0.02
25,bing,False,GaussianNoise,alexnet,30/70,alexnet,bing,30/70,0.017123288,0.0,0.03333333333333333
26,bing,False,GaussianNoise,alexnet,30/70,alexnet,bing,40/60,0.020408163,0.0,0.040268456375838924
27,bing,False,GaussianNoise,alexnet,30/70,alexnet,bing,50/50,0.027118644,0.0,0.053691275167785234
28,bing,False,GaussianNoise,alexnet,30/70,resnet,bing,20/80,0.010238907,0.006993006993006993,0.013333333333333334
29,bing,False,GaussianNoise,alexnet,30/70,resnet,bing,30/70,0.013605442,0.0,0.02666666666666667
30,bing,False,GaussianNoise,alexnet,30/70,resnet,bing,40/60,0.044067796,0.0,0.08666666666666667
31,bing,False,GaussianNoise,alexnet,30/70,resnet,bing,50/50,0.0945946,0.0,0.18666666666666668
32,bing,False,GaussianNoise,alexnet,30/70,vgg,bing,20/80,0.07118644,0.13793103448275862,0.006666666666666667
33,bing,False,GaussianNoise,alexnet,30/70,vgg,bing,30/70,0.06462585,0.125,0.006666666666666667
34,bing,False,GaussianNoise,alexnet,30/70,vgg,bing,40/60,0.016949153,0.013793103448275862,0.02
35,bing,False,GaussianNoise,alexnet,30/70,vgg,bing,50/50,0.033898305,0.006896551724137931,0.06
36,bing,False,GaussianNoise,alexnet,30/70,alexnet,google,20/80,0.033333335,0.04666666666666667,0.02
37,bing,False,GaussianNoise,alexnet,30/70,alexnet,google,30/70,0.03666667,0.02666666666666667,0.04666666666666667
38,bing,False,GaussianNoise,alexnet,30/70,alexnet,google,40/60,0.053333335,0.02,0.08666666666666667
39,bing,False,GaussianNoise,alexnet,30/70,alexnet,google,50/50,0.07,0.02,0.12
40,bing,False,GaussianNoise,alexnet,30/70,resnet,google,20/80,0.03666667,0.02666666666666667,0.04666666666666667
41,bing,False,GaussianNoise,alexnet,30/70,resnet,google,30/70,0.030000001,0.02,0.04
42,bing,False,GaussianNoise,alexnet,30/70,resnet,google,40/60,0.053333335,0.02,0.08666666666666667
43,bing,False,GaussianNoise,alexnet,30/70,resnet,google,50/50,0.086666666,0.006666666666666667,0.16666666666666666
44,bing,False,GaussianNoise,alexnet,30/70,vgg,google,20/80,0.07,0.13333333333333333,0.006666666666666667
45,bing,False,GaussianNoise,alexnet,30/70,vgg,google,30/70,0.030000001,0.04666666666666667,0.013333333333333334
46,bing,False,GaussianNoise,alexnet,30/70,vgg,google,40/60,0.030000001,0.04666666666666667,0.013333333333333334
47,bing,False,GaussianNoise,alexnet,30/70,vgg,google,50/50,0.046666667,0.03333333333333333,0.06
48,bing,False,GaussianNoise,alexnet,40/60,alexnet,bing,20/80,0.017361112,0.007246376811594203,0.02666666666666667
49,bing,False,GaussianNoise,alexnet,40/60,alexnet,bing,30/70,0.01369863,0.0,0.02666666666666667
50,bing,False,GaussianNoise,alexnet,40/60,alexnet,bing,40/60,0.020408163,0.0,0.040268456375838924
51,bing,False,GaussianNoise,alexnet,40/60,alexnet,bing,50/50,0.050847456,0.0,0.10067114093959731
52,bing,False,GaussianNoise,alexnet,40/60,resnet,bing,20/80,0.013651877,0.013986013986013986,0.013333333333333334
53,bing,False,GaussianNoise,alexnet,40/60,resnet,bing,30/70,0.020408163,0.006944444444444444,0.03333333333333333
54,bing,False,GaussianNoise,alexnet,40/60,resnet,bing,40/60,0.037288137,0.0,0.07333333333333333
55,bing,False,GaussianNoise,alexnet,40/60,resnet,bing,50/50,0.11148649,0.0,0.22
56,bing,False,GaussianNoise,alexnet,40/60,vgg,bing,20/80,0.07457627,0.14482758620689656,0.006666666666666667
57,bing,False,GaussianNoise,alexnet,40/60,vgg,bing,30/70,0.06122449,0.11805555555555555,0.006666666666666667
58,bing,False,GaussianNoise,alexnet,40/60,vgg,bing,40/60,0.016949153,0.020689655172413793,0.013333333333333334
59,bing,False,GaussianNoise,alexnet,40/60,vgg,bing,50/50,0.030508474,0.013793103448275862,0.04666666666666667
60,bing,False,GaussianNoise,alexnet,40/60,alexnet,google,20/80,0.026666667,0.03333333333333333,0.02
61,bing,False,GaussianNoise,alexnet,40/60,alexnet,google,30/70,0.030000001,0.02,0.04
62,bing,False,GaussianNoise,alexnet,40/60,alexnet,google,40/60,0.05666667,0.02,0.09333333333333334
63,bing,False,GaussianNoise,alexnet,40/60,alexnet,google,50/50,0.07,0.02,0.12
64,bing,False,GaussianNoise,alexnet,40/60,resnet,google,20/80,0.043333333,0.04,0.04666666666666667
65,bing,False,GaussianNoise,alexnet,40/60,resnet,google,30/70,0.03666667,0.02,0.05333333333333334
66,bing,False,GaussianNoise,alexnet,40/60,resnet,google,40/60,0.060000002,0.013333333333333334,0.10666666666666667
67,bing,False,GaussianNoise,alexnet,40/60,resnet,google,50/50,0.10666667,0.006666666666666667,0.20666666666666667
68,bing,False,GaussianNoise,alexnet,40/60,vgg,google,20/80,0.07666667,0.14666666666666667,0.006666666666666667
69,bing,False,GaussianNoise,alexnet,40/60,vgg,google,30/70,0.033333335,0.06,0.006666666666666667
70,bing,False,GaussianNoise,alexnet,40/60,vgg,google,40/60,0.04,0.06,0.02
71,bing,False,GaussianNoise,alexnet,40/60,vgg,google,50/50,0.04,0.03333333333333333,0.04666666666666667
72,bing,False,GaussianNoise,alexnet,50/50,alexnet,bing,20/80,0.020833334,0.007246376811594203,0.03333333333333333
73,bing,False,GaussianNoise,alexnet,50/50,alexnet,bing,30/70,0.017123288,0.007042253521126761,0.02666666666666667
74,bing,False,GaussianNoise,alexnet,50/50,alexnet,bing,40/60,0.017006803,0.0,0.03355704697986577
75,bing,False,GaussianNoise,alexnet,50/50,alexnet,bing,50/50,0.044067796,0.0,0.087248322147651
76,bing,False,GaussianNoise,alexnet,50/50,resnet,bing,20/80,0.013651877,0.013986013986013986,0.013333333333333334
77,bing,False,GaussianNoise,alexnet,50/50,resnet,bing,30/70,0.010204081,0.006944444444444444,0.013333333333333334
78,bing,False,GaussianNoise,alexnet,50/50,resnet,bing,40/60,0.030508474,0.0,0.06
79,bing,False,GaussianNoise,alexnet,50/50,resnet,bing,50/50,0.08783784,0.0,0.17333333333333334
80,bing,False,GaussianNoise,alexnet,50/50,vgg,bing,20/80,0.06440678,0.12413793103448276,0.006666666666666667
81,bing,False,GaussianNoise,alexnet,50/50,vgg,bing,30/70,0.06122449,0.11805555555555555,0.006666666666666667
82,bing,False,GaussianNoise,alexnet,50/50,vgg,bing,40/60,0.020338982,0.013793103448275862,0.02666666666666667
83,bing,False,GaussianNoise,alexnet,50/50,vgg,bing,50/50,0.037288137,0.0,0.07333333333333333
84,bing,False,GaussianNoise,alexnet,50/50,alexnet,google,20/80,0.030000001,0.02666666666666667,0.03333333333333333
85,bing,False,GaussianNoise,alexnet,50/50,alexnet,google,30/70,0.033333335,0.02,0.04666666666666667
86,bing,False,GaussianNoise,alexnet,50/50,alexnet,google,40/60,0.05666667,0.02,0.09333333333333334
87,bing,False,GaussianNoise,alexnet,50/50,alexnet,google,50/50,0.07666667,0.013333333333333334,0.14
88,bing,False,GaussianNoise,alexnet,50/50,resnet,google,20/80,0.04,0.04,0.04
89,bing,False,GaussianNoise,alexnet,50/50,resnet,google,30/70,0.023333333,0.02,0.02666666666666667
90,bing,False,GaussianNoise,alexnet,50/50,resnet,google,40/60,0.05,0.02,0.08
91,bing,False,GaussianNoise,alexnet,50/50,resnet,google,50/50,0.086666666,0.006666666666666667,0.16666666666666666
92,bing,False,GaussianNoise,alexnet,50/50,vgg,google,20/80,0.060000002,0.11333333333333333,0.006666666666666667
93,bing,False,GaussianNoise,alexnet,50/50,vgg,google,30/70,0.043333333,0.06,0.02666666666666667
94,bing,False,GaussianNoise,alexnet,50/50,vgg,google,40/60,0.04,0.04666666666666667,0.03333333333333333
95,bing,False,GaussianNoise,alexnet,50/50,vgg,google,50/50,0.05,0.03333333333333333,0.06666666666666667
96,bing,False,GaussianNoise,resnet,20/80,alexnet,bing,20/80,0.010416667,0.007246376811594203,0.013333333333333334
97,bing,False,GaussianNoise,resnet,20/80,alexnet,bing,30/70,0.006849315,0.0,0.013333333333333334
98,bing,False,GaussianNoise,resnet,20/80,alexnet,bing,40/60,0.006802721,0.0,0.013422818791946308
99,bing,False,GaussianNoise,resnet,20/80,alexnet,bing,50/50,0.006779661,0.0,0.013422818791946308
100,bing,False,GaussianNoise,resnet,20/80,resnet,bing,20/80,0.017064845,0.027972027972027972,0.006666666666666667
101,bing,False,GaussianNoise,resnet,20/80,resnet,bing,30/70,0.013605442,0.020833333333333332,0.006666666666666667
102,bing,False,GaussianNoise,resnet,20/80,resnet,bing,40/60,0.013559322,0.0,0.02666666666666667
103,bing,False,GaussianNoise,resnet,20/80,resnet,bing,50/50,0.037162162,0.0,0.07333333333333333
104,bing,False,GaussianNoise,resnet,20/80,vgg,bing,20/80,0.044067796,0.0896551724137931,0.0
105,bing,False,GaussianNoise,resnet,20/80,vgg,bing,30/70,0.040816326,0.0763888888888889,0.006666666666666667
106,bing,False,GaussianNoise,resnet,20/80,vgg,bing,40/60,0.010169491,0.013793103448275862,0.006666666666666667
107,bing,False,GaussianNoise,resnet,20/80,vgg,bing,50/50,0.006779661,0.006896551724137931,0.006666666666666667
108,bing,False,GaussianNoise,resnet,20/80,alexnet,google,20/80,0.026666667,0.04666666666666667,0.006666666666666667
109,bing,False,GaussianNoise,resnet,20/80,alexnet,google,30/70,0.016666668,0.02666666666666667,0.006666666666666667
110,bing,False,GaussianNoise,resnet,20/80,alexnet,google,40/60,0.026666667,0.02,0.03333333333333333
111,bing,False,GaussianNoise,resnet,20/80,alexnet,google,50/50,0.033333335,0.02,0.04666666666666667
112,bing,False,GaussianNoise,resnet,20/80,resnet,google,20/80,0.030000001,0.05333333333333334,0.006666666666666667
113,bing,False,GaussianNoise,resnet,20/80,resnet,google,30/70,0.023333333,0.02666666666666667,0.02
114,bing,False,GaussianNoise,resnet,20/80,resnet,google,40/60,0.026666667,0.02,0.03333333333333333
115,bing,False,GaussianNoise,resnet,20/80,resnet,google,50/50,0.05,0.02,0.08
116,bing,False,GaussianNoise,resnet,20/80,vgg,google,20/80,0.05666667,0.10666666666666667,0.006666666666666667
117,bing,False,GaussianNoise,resnet,20/80,vgg,google,30/70,0.026666667,0.04666666666666667,0.006666666666666667
118,bing,False,GaussianNoise,resnet,20/80,vgg,google,40/60,0.023333333,0.04,0.006666666666666667
119,bing,False,GaussianNoise,resnet,20/80,vgg,google,50/50,0.02,0.03333333333333333,0.006666666666666667
120,bing,False,GaussianNoise,resnet,30/70,alexnet,bing,20/80,0.017361112,0.007246376811594203,0.02666666666666667
121,bing,False,GaussianNoise,resnet,30/70,alexnet,bing,30/70,0.020547945,0.007042253521126761,0.03333333333333333
122,bing,False,GaussianNoise,resnet,30/70,alexnet,bing,40/60,0.013605442,0.0,0.026845637583892617
123,bing,False,GaussianNoise,resnet,30/70,alexnet,bing,50/50,0.027118644,0.0,0.053691275167785234
124,bing,False,GaussianNoise,resnet,30/70,resnet,bing,20/80,0.0068259384,0.0,0.013333333333333334
125,bing,False,GaussianNoise,resnet,30/70,resnet,bing,30/70,0.017006803,0.0,0.03333333333333333
126,bing,False,GaussianNoise,resnet,30/70,resnet,bing,40/60,0.033898305,0.0,0.06666666666666667
127,bing,False,GaussianNoise,resnet,30/70,resnet,bing,50/50,0.104729734,0.0,0.20666666666666667
128,bing,False,GaussianNoise,resnet,30/70,vgg,bing,20/80,0.05762712,0.11724137931034483,0.0
129,bing,False,GaussianNoise,resnet,30/70,vgg,bing,30/70,0.054421768,0.10416666666666667,0.006666666666666667
130,bing,False,GaussianNoise,resnet,30/70,vgg,bing,40/60,0.013559322,0.013793103448275862,0.013333333333333334
131,bing,False,GaussianNoise,resnet,30/70,vgg,bing,50/50,0.030508474,0.006896551724137931,0.05333333333333334
132,bing,False,GaussianNoise,resnet,30/70,alexnet,google,20/80,0.026666667,0.02666666666666667,0.02666666666666667
133,bing,False,GaussianNoise,resnet,30/70,alexnet,google,30/70,0.023333333,0.013333333333333334,0.03333333333333333
134,bing,False,GaussianNoise,resnet,30/70,alexnet,google,40/60,0.053333335,0.02,0.08666666666666667
135,bing,False,GaussianNoise,resnet,30/70,alexnet,google,50/50,0.07666667,0.013333333333333334,0.14
136,bing,False,GaussianNoise,resnet,30/70,resnet,google,20/80,0.030000001,0.02666666666666667,0.03333333333333333
137,bing,False,GaussianNoise,resnet,30/70,resnet,google,30/70,0.026666667,0.02,0.03333333333333333
138,bing,False,GaussianNoise,resnet,30/70,resnet,google,40/60,0.060000002,0.02,0.1
139,bing,False,GaussianNoise,resnet,30/70,resnet,google,50/50,0.093333334,0.006666666666666667,0.18
140,bing,False,GaussianNoise,resnet,30/70,vgg,google,20/80,0.053333335,0.10666666666666667,0.0
141,bing,False,GaussianNoise,resnet,30/70,vgg,google,30/70,0.04,0.06,0.02
142,bing,False,GaussianNoise,resnet,30/70,vgg,google,40/60,0.03666667,0.05333333333333334,0.02
143,bing,False,GaussianNoise,resnet,30/70,vgg,google,50/50,0.043333333,0.04,0.04666666666666667
144,bing,False,GaussianNoise,resnet,40/60,alexnet,bing,20/80,0.013888889,0.007246376811594203,0.02
145,bing,False,GaussianNoise,resnet,40/60,alexnet,bing,30/70,0.017123288,0.014084507042253521,0.02
146,bing,False,GaussianNoise,resnet,40/60,alexnet,bing,40/60,0.010204081,0.006896551724137931,0.013422818791946308
147,bing,False,GaussianNoise,resnet,40/60,alexnet,bing,50/50,0.010169491,0.0,0.020134228187919462
148,bing,False,GaussianNoise,resnet,40/60,resnet,bing,20/80,0.0068259384,0.006993006993006993,0.006666666666666667
149,bing,False,GaussianNoise,resnet,40/60,resnet,bing,30/70,0.006802721,0.006944444444444444,0.006666666666666667
150,bing,False,GaussianNoise,resnet,40/60,resnet,bing,40/60,0.013559322,0.0,0.02666666666666667
151,bing,False,GaussianNoise,resnet,40/60,resnet,bing,50/50,0.033783786,0.0,0.06666666666666667
152,bing,False,GaussianNoise,resnet,40/60,vgg,bing,20/80,0.044067796,0.08275862068965517,0.006666666666666667
153,bing,False,GaussianNoise,resnet,40/60,vgg,bing,30/70,0.047619045,0.09027777777777778,0.006666666666666667
154,bing,False,GaussianNoise,resnet,40/60,vgg,bing,40/60,0.010169491,0.013793103448275862,0.006666666666666667
155,bing,False,GaussianNoise,resnet,40/60,vgg,bing,50/50,0.006779661,0.0,0.013333333333333334
156,bing,False,GaussianNoise,resnet,40/60,alexnet,google,20/80,0.030000001,0.04,0.02
157,bing,False,GaussianNoise,resnet,40/60,alexnet,google,30/70,0.030000001,0.04,0.02
158,bing,False,GaussianNoise,resnet,40/60,alexnet,google,40/60,0.030000001,0.02666666666666667,0.03333333333333333
159,bing,False,GaussianNoise,resnet,40/60,alexnet,google,50/50,0.033333335,0.02666666666666667,0.04
160,bing,False,GaussianNoise,resnet,40/60,resnet,google,20/80,0.023333333,0.03333333333333333,0.013333333333333334
161,bing,False,GaussianNoise,resnet,40/60,resnet,google,30/70,0.023333333,0.02666666666666667,0.02
162,bing,False,GaussianNoise,resnet,40/60,resnet,google,40/60,0.026666667,0.02,0.03333333333333333
163,bing,False,GaussianNoise,resnet,40/60,resnet,google,50/50,0.03666667,0.006666666666666667,0.06666666666666667
164,bing,False,GaussianNoise,resnet,40/60,vgg,google,20/80,0.053333335,0.1,0.006666666666666667
165,bing,False,GaussianNoise,resnet,40/60,vgg,google,30/70,0.030000001,0.05333333333333334,0.006666666666666667
166,bing,False,GaussianNoise,resnet,40/60,vgg,google,40/60,0.023333333,0.04,0.006666666666666667
167,bing,False,GaussianNoise,resnet,40/60,vgg,google,50/50,0.023333333,0.02666666666666667,0.02
168,bing,False,GaussianNoise,resnet,50/50,alexnet,bing,20/80,0.017361112,0.007246376811594203,0.02666666666666667
169,bing,False,GaussianNoise,resnet,50/50,alexnet,bing,30/70,0.017123288,0.007042253521126761,0.02666666666666667
170,bing,False,GaussianNoise,resnet,50/50,alexnet,bing,40/60,0.013605442,0.0,0.026845637583892617
171,bing,False,GaussianNoise,resnet,50/50,alexnet,bing,50/50,0.023728814,0.0,0.04697986577181208
172,bing,False,GaussianNoise,resnet,50/50,resnet,bing,20/80,0.013651877,0.013986013986013986,0.013333333333333334
173,bing,False,GaussianNoise,resnet,50/50,resnet,bing,30/70,0.010204081,0.0,0.02
174,bing,False,GaussianNoise,resnet,50/50,resnet,bing,40/60,0.040677965,0.0,0.08
175,bing,False,GaussianNoise,resnet,50/50,resnet,bing,50/50,0.0945946,0.0,0.18666666666666668
176,bing,False,GaussianNoise,resnet,50/50,vgg,bing,20/80,0.061016947,0.11724137931034483,0.006666666666666667
177,bing,False,GaussianNoise,resnet,50/50,vgg,bing,30/70,0.06462585,0.125,0.006666666666666667
178,bing,False,GaussianNoise,resnet,50/50,vgg,bing,40/60,0.023728814,0.027586206896551724,0.02
179,bing,False,GaussianNoise,resnet,50/50,vgg,bing,50/50,0.030508474,0.006896551724137931,0.05333333333333334
180,bing,False,GaussianNoise,resnet,50/50,alexnet,google,20/80,0.030000001,0.03333333333333333,0.02666666666666667
181,bing,False,GaussianNoise,resnet,50/50,alexnet,google,30/70,0.04,0.02,0.06
182,bing,False,GaussianNoise,resnet,50/50,alexnet,google,40/60,0.053333335,0.013333333333333334,0.09333333333333334
183,bing,False,GaussianNoise,resnet,50/50,alexnet,google,50/50,0.06666667,0.013333333333333334,0.12
184,bing,False,GaussianNoise,resnet,50/50,resnet,google,20/80,0.030000001,0.02,0.04
185,bing,False,GaussianNoise,resnet,50/50,resnet,google,30/70,0.026666667,0.02,0.03333333333333333
186,bing,False,GaussianNoise,resnet,50/50,resnet,google,40/60,0.06333333,0.02,0.10666666666666667
187,bing,False,GaussianNoise,resnet,50/50,resnet,google,50/50,0.093333334,0.006666666666666667,0.18
188,bing,False,GaussianNoise,resnet,50/50,vgg,google,20/80,0.07,0.13333333333333333,0.006666666666666667
189,bing,False,GaussianNoise,resnet,50/50,vgg,google,30/70,0.04,0.06,0.02
190,bing,False,GaussianNoise,resnet,50/50,vgg,google,40/60,0.03666667,0.05333333333333334,0.02
191,bing,False,GaussianNoise,resnet,50/50,vgg,google,50/50,0.053333335,0.04666666666666667,0.06
192,bing,False,GaussianNoise,vgg,20/80,alexnet,bing,20/80,0.013888889,0.007246376811594203,0.02
193,bing,False,GaussianNoise,vgg,20/80,alexnet,bing,30/70,0.017123288,0.007042253521126761,0.02666666666666667
194,bing,False,GaussianNoise,vgg,20/80,alexnet,bing,40/60,0.017006803,0.0,0.03355704697986577
195,bing,False,GaussianNoise,vgg,20/80,alexnet,bing,50/50,0.030508474,0.0,0.06040268456375839
196,bing,False,GaussianNoise,vgg,20/80,resnet,bing,20/80,0.013651877,0.013986013986013986,0.013333333333333334
197,bing,False,GaussianNoise,vgg,20/80,resnet,bing,30/70,0.017006803,0.006944444444444444,0.02666666666666667
198,bing,False,GaussianNoise,vgg,20/80,resnet,bing,40/60,0.040677965,0.0,0.08
199,bing,False,GaussianNoise,vgg,20/80,resnet,bing,50/50,0.11148649,0.0,0.22
200,bing,False,GaussianNoise,vgg,20/80,vgg,bing,20/80,0.07457627,0.14482758620689656,0.006666666666666667
201,bing,False,GaussianNoise,vgg,20/80,vgg,bing,30/70,0.07482993,0.14583333333333334,0.006666666666666667
202,bing,False,GaussianNoise,vgg,20/80,vgg,bing,40/60,0.016949153,0.020689655172413793,0.013333333333333334
203,bing,False,GaussianNoise,vgg,20/80,vgg,bing,50/50,0.037288137,0.013793103448275862,0.06
204,bing,False,GaussianNoise,vgg,20/80,alexnet,google,20/80,0.023333333,0.03333333333333333,0.013333333333333334
205,bing,False,GaussianNoise,vgg,20/80,alexnet,google,30/70,0.033333335,0.013333333333333334,0.05333333333333334
206,bing,False,GaussianNoise,vgg,20/80,alexnet,google,40/60,0.053333335,0.013333333333333334,0.09333333333333334
207,bing,False,GaussianNoise,vgg,20/80,alexnet,google,50/50,0.07,0.013333333333333334,0.12666666666666668
208,bing,False,GaussianNoise,vgg,20/80,resnet,google,20/80,0.03666667,0.03333333333333333,0.04
209,bing,False,GaussianNoise,vgg,20/80,resnet,google,30/70,0.033333335,0.02666666666666667,0.04
210,bing,False,GaussianNoise,vgg,20/80,resnet,google,40/60,0.053333335,0.02,0.08666666666666667
211,bing,False,GaussianNoise,vgg,20/80,resnet,google,50/50,0.1,0.006666666666666667,0.19333333333333333
212,bing,False,GaussianNoise,vgg,20/80,vgg,google,20/80,0.083333336,0.15333333333333332,0.013333333333333334
213,bing,False,GaussianNoise,vgg,20/80,vgg,google,30/70,0.043333333,0.06,0.02666666666666667
214,bing,False,GaussianNoise,vgg,20/80,vgg,google,40/60,0.043333333,0.05333333333333334,0.03333333333333333
215,bing,False,GaussianNoise,vgg,20/80,vgg,google,50/50,0.043333333,0.03333333333333333,0.05333333333333334
216,bing,False,GaussianNoise,vgg,30/70,alexnet,bing,20/80,0.017361112,0.0,0.03333333333333333
217,bing,False,GaussianNoise,vgg,30/70,alexnet,bing,30/70,0.020547945,0.0,0.04
218,bing,False,GaussianNoise,vgg,30/70,alexnet,bing,40/60,0.023809522,0.0,0.04697986577181208
219,bing,False,GaussianNoise,vgg,30/70,alexnet,bing,50/50,0.027118644,0.0,0.053691275167785234
220,bing,False,GaussianNoise,vgg,30/70,resnet,bing,20/80,0.017064845,0.013986013986013986,0.02
221,bing,False,GaussianNoise,vgg,30/70,resnet,bing,30/70,0.010204081,0.0,0.02
222,bing,False,GaussianNoise,vgg,30/70,resnet,bing,40/60,0.040677965,0.0,0.08
223,bing,False,GaussianNoise,vgg,30/70,resnet,bing,50/50,0.097972974,0.0,0.19333333333333333
224,bing,False,GaussianNoise,vgg,30/70,vgg,bing,20/80,0.06440678,0.1310344827586207,0.0
225,bing,False,GaussianNoise,vgg,30/70,vgg,bing,30/70,0.054421768,0.10416666666666667,0.006666666666666667
226,bing,False,GaussianNoise,vgg,30/70,vgg,bing,40/60,0.013559322,0.013793103448275862,0.013333333333333334
227,bing,False,GaussianNoise,vgg,30/70,vgg,bing,50/50,0.044067796,0.006896551724137931,0.08
228,bing,False,GaussianNoise,vgg,30/70,alexnet,google,20/80,0.030000001,0.03333333333333333,0.02666666666666667
229,bing,False,GaussianNoise,vgg,30/70,alexnet,google,30/70,0.030000001,0.02,0.04
230,bing,False,GaussianNoise,vgg,30/70,alexnet,google,40/60,0.05,0.02,0.08
231,bing,False,GaussianNoise,vgg,30/70,alexnet,google,50/50,0.06666667,0.013333333333333334,0.12
232,bing,False,GaussianNoise,vgg,30/70,resnet,google,20/80,0.04,0.04,0.04
233,bing,False,GaussianNoise,vgg,30/70,resnet,google,30/70,0.030000001,0.02666666666666667,0.03333333333333333
234,bing,False,GaussianNoise,vgg,30/70,resnet,google,40/60,0.05666667,0.02,0.09333333333333334
235,bing,False,GaussianNoise,vgg,30/70,resnet,google,50/50,0.09,0.0,0.18
236,bing,False,GaussianNoise,vgg,30/70,vgg,google,20/80,0.06666667,0.12666666666666668,0.006666666666666667
237,bing,False,GaussianNoise,vgg,30/70,vgg,google,30/70,0.04,0.06,0.02
238,bing,False,GaussianNoise,vgg,30/70,vgg,google,40/60,0.03666667,0.04666666666666667,0.02666666666666667
239,bing,False,GaussianNoise,vgg,30/70,vgg,google,50/50,0.046666667,0.03333333333333333,0.06
240,bing,False,GaussianNoise,vgg,40/60,alexnet,bing,20/80,0.017361112,0.007246376811594203,0.02666666666666667
241,bing,False,GaussianNoise,vgg,40/60,alexnet,bing,30/70,0.023972603,0.014084507042253521,0.03333333333333333
242,bing,False,GaussianNoise,vgg,40/60,alexnet,bing,40/60,0.017006803,0.0,0.03355704697986577
243,bing,False,GaussianNoise,vgg,40/60,alexnet,bing,50/50,0.027118644,0.0,0.053691275167785234
244,bing,False,GaussianNoise,vgg,40/60,resnet,bing,20/80,0.017064845,0.02097902097902098,0.013333333333333334
245,bing,False,GaussianNoise,vgg,40/60,resnet,bing,30/70,0.010204081,0.0,0.02
246,bing,False,GaussianNoise,vgg,40/60,resnet,bing,40/60,0.037288137,0.0,0.07333333333333333
247,bing,False,GaussianNoise,vgg,40/60,resnet,bing,50/50,0.097972974,0.0,0.19333333333333333
248,bing,False,GaussianNoise,vgg,40/60,vgg,bing,20/80,0.06779661,0.13793103448275862,0.0
249,bing,False,GaussianNoise,vgg,40/60,vgg,bing,30/70,0.06462585,0.125,0.006666666666666667
250,bing,False,GaussianNoise,vgg,40/60,vgg,bing,40/60,0.010169491,0.0,0.02
251,bing,False,GaussianNoise,vgg,40/60,vgg,bing,50/50,0.040677965,0.0,0.08
252,bing,False,GaussianNoise,vgg,40/60,alexnet,google,20/80,0.026666667,0.02666666666666667,0.02666666666666667
253,bing,False,GaussianNoise,vgg,40/60,alexnet,google,30/70,0.030000001,0.013333333333333334,0.04666666666666667
254,bing,False,GaussianNoise,vgg,40/60,alexnet,google,40/60,0.05,0.02,0.08
255,bing,False,GaussianNoise,vgg,40/60,alexnet,google,50/50,0.06666667,0.013333333333333334,0.12
256,bing,False,GaussianNoise,vgg,40/60,resnet,google,20/80,0.033333335,0.02666666666666667,0.04
257,bing,False,GaussianNoise,vgg,40/60,resnet,google,30/70,0.023333333,0.013333333333333334,0.03333333333333333
258,bing,False,GaussianNoise,vgg,40/60,resnet,google,40/60,0.043333333,0.02,0.06666666666666667
259,bing,False,GaussianNoise,vgg,40/60,resnet,google,50/50,0.07666667,0.013333333333333334,0.14
260,bing,False,GaussianNoise,vgg,40/60,vgg,google,20/80,0.06666667,0.12666666666666668,0.006666666666666667
261,bing,False,GaussianNoise,vgg,40/60,vgg,google,30/70,0.026666667,0.04,0.013333333333333334
262,bing,False,GaussianNoise,vgg,40/60,vgg,google,40/60,0.033333335,0.04666666666666667,0.02
263,bing,False,GaussianNoise,vgg,40/60,vgg,google,50/50,0.04,0.02666666666666667,0.05333333333333334
264,bing,False,GaussianNoise,vgg,50/50,alexnet,bing,20/80,0.013888889,0.007246376811594203,0.02
265,bing,False,GaussianNoise,vgg,50/50,alexnet,bing,30/70,0.017123288,0.007042253521126761,0.02666666666666667
266,bing,False,GaussianNoise,vgg,50/50,alexnet,bing,40/60,0.013605442,0.0,0.026845637583892617
267,bing,False,GaussianNoise,vgg,50/50,alexnet,bing,50/50,0.030508474,0.0,0.06040268456375839
268,bing,False,GaussianNoise,vgg,50/50,resnet,bing,20/80,0.020477815,0.02097902097902098,0.02
269,bing,False,GaussianNoise,vgg,50/50,resnet,bing,30/70,0.013605442,0.0,0.02666666666666667
270,bing,False,GaussianNoise,vgg,50/50,resnet,bing,40/60,0.044067796,0.0,0.08666666666666667
271,bing,False,GaussianNoise,vgg,50/50,resnet,bing,50/50,0.10810811,0.0,0.21333333333333335
272,bing,False,GaussianNoise,vgg,50/50,vgg,bing,20/80,0.07457627,0.14482758620689656,0.006666666666666667
273,bing,False,GaussianNoise,vgg,50/50,vgg,bing,30/70,0.06122449,0.11805555555555555,0.006666666666666667
274,bing,False,GaussianNoise,vgg,50/50,vgg,bing,40/60,0.010169491,0.006896551724137931,0.013333333333333334
275,bing,False,GaussianNoise,vgg,50/50,vgg,bing,50/50,0.033898305,0.006896551724137931,0.06
276,bing,False,GaussianNoise,vgg,50/50,alexnet,google,20/80,0.033333335,0.03333333333333333,0.03333333333333333
277,bing,False,GaussianNoise,vgg,50/50,alexnet,google,30/70,0.026666667,0.02,0.03333333333333333
278,bing,False,GaussianNoise,vgg,50/50,alexnet,google,40/60,0.06333333,0.02,0.10666666666666667
279,bing,False,GaussianNoise,vgg,50/50,alexnet,google,50/50,0.08,0.02,0.14
280,bing,False,GaussianNoise,vgg,50/50,resnet,google,20/80,0.033333335,0.03333333333333333,0.03333333333333333
281,bing,False,GaussianNoise,vgg,50/50,resnet,google,30/70,0.033333335,0.02666666666666667,0.04
282,bing,False,GaussianNoise,vgg,50/50,resnet,google,40/60,0.05,0.02,0.08
283,bing,False,GaussianNoise,vgg,50/50,resnet,google,50/50,0.093333334,0.013333333333333334,0.17333333333333334
284,bing,False,GaussianNoise,vgg,50/50,vgg,google,20/80,0.07,0.12666666666666668,0.013333333333333334
285,bing,False,GaussianNoise,vgg,50/50,vgg,google,30/70,0.030000001,0.04666666666666667,0.013333333333333334
286,bing,False,GaussianNoise,vgg,50/50,vgg,google,40/60,0.033333335,0.05333333333333334,0.013333333333333334
287,bing,False,GaussianNoise,vgg,50/50,vgg,google,50/50,0.033333335,0.02666666666666667,0.04
288,google,False,GaussianNoise,alexnet,20/80,alexnet,bing,20/80,0.01,0.006666666666666667,0.013333333333333334
289,google,False,GaussianNoise,alexnet,20/80,alexnet,bing,30/70,0.016666668,0.006666666666666667,0.02666666666666667
290,google,False,GaussianNoise,alexnet,20/80,alexnet,bing,40/60,0.046666667,0.0,0.09333333333333334
291,google,False,GaussianNoise,alexnet,20/80,alexnet,bing,50/50,0.1,0.0,0.2
292,google,False,GaussianNoise,alexnet,20/80,resnet,bing,20/80,0.016666668,0.0,0.03333333333333333
293,google,False,GaussianNoise,alexnet,20/80,resnet,bing,30/70,0.030000001,0.0,0.06
294,google,False,GaussianNoise,alexnet,20/80,resnet,bing,40/60,0.09666667,0.0,0.19333333333333333
295,google,False,GaussianNoise,alexnet,20/80,resnet,bing,50/50,0.19,0.0,0.38
296,google,False,GaussianNoise,alexnet,20/80,vgg,bing,20/80,0.023333333,0.04,0.006666666666666667
297,google,False,GaussianNoise,alexnet,20/80,vgg,bing,30/70,0.026666667,0.03333333333333333,0.02
298,google,False,GaussianNoise,alexnet,20/80,vgg,bing,40/60,0.030000001,0.006666666666666667,0.05333333333333334
299,google,False,GaussianNoise,alexnet,20/80,vgg,bing,50/50,0.08,0.006666666666666667,0.15333333333333332
300,google,False,GaussianNoise,alexnet,20/80,alexnet,google,20/80,0.030716723,0.0,0.06040268456375839
301,google,False,GaussianNoise,alexnet,20/80,alexnet,google,30/70,0.0777027,0.0,0.15333333333333332
302,google,False,GaussianNoise,alexnet,20/80,alexnet,google,40/60,0.094915256,0.0,0.1891891891891892
303,google,False,GaussianNoise,alexnet,20/80,alexnet,google,50/50,0.13265306,0.0,0.2653061224489796
304,google,False,GaussianNoise,alexnet,20/80,resnet,google,20/80,0.047457628,0.0,0.09333333333333334
305,google,False,GaussianNoise,alexnet,20/80,resnet,google,30/70,0.056856185,0.0,0.11333333333333333
306,google,False,GaussianNoise,alexnet,20/80,resnet,google,40/60,0.077441074,0.0,0.1554054054054054
307,google,False,GaussianNoise,alexnet,20/80,resnet,google,50/50,0.13898306,0.0,0.2808219178082192
308,google,False,GaussianNoise,alexnet,20/80,vgg,google,20/80,0.02020202,0.02040816326530612,0.02
309,google,False,GaussianNoise,alexnet,20/80,vgg,google,30/70,0.026755853,0.0,0.05333333333333334
310,google,False,GaussianNoise,alexnet,20/80,vgg,google,40/60,0.037037037,0.0,0.07432432432432433
311,google,False,GaussianNoise,alexnet,20/80,vgg,google,50/50,0.08080808,0.0,0.16216216216216217
312,google,False,GaussianNoise,alexnet,30/70,alexnet,bing,20/80,0.006666667,0.006666666666666667,0.006666666666666667
313,google,False,GaussianNoise,alexnet,30/70,alexnet,bing,30/70,0.02,0.006666666666666667,0.03333333333333333
314,google,False,GaussianNoise,alexnet,30/70,alexnet,bing,40/60,0.060000002,0.006666666666666667,0.11333333333333333
315,google,False,GaussianNoise,alexnet,30/70,alexnet,bing,50/50,0.10333334,0.0,0.20666666666666667
316,google,False,GaussianNoise,alexnet,30/70,resnet,bing,20/80,0.023333333,0.006666666666666667,0.04
317,google,False,GaussianNoise,alexnet,30/70,resnet,bing,30/70,0.026666667,0.0,0.05333333333333334
318,google,False,GaussianNoise,alexnet,30/70,resnet,bing,40/60,0.09,0.0,0.18
319,google,False,GaussianNoise,alexnet,30/70,resnet,bing,50/50,0.19333334,0.0,0.38666666666666666
320,google,False,GaussianNoise,alexnet,30/70,vgg,bing,20/80,0.016666668,0.02666666666666667,0.006666666666666667
321,google,False,GaussianNoise,alexnet,30/70,vgg,bing,30/70,0.016666668,0.02,0.013333333333333334
322,google,False,GaussianNoise,alexnet,30/70,vgg,bing,40/60,0.026666667,0.006666666666666667,0.04666666666666667
323,google,False,GaussianNoise,alexnet,30/70,vgg,bing,50/50,0.08,0.0,0.16
324,google,False,GaussianNoise,alexnet,30/70,alexnet,google,20/80,0.030716723,0.0,0.06040268456375839
325,google,False,GaussianNoise,alexnet,30/70,alexnet,google,30/70,0.07094595,0.0,0.14
326,google,False,GaussianNoise,alexnet,30/70,alexnet,google,40/60,0.094915256,0.0,0.1891891891891892
327,google,False,GaussianNoise,alexnet,30/70,alexnet,google,50/50,0.12585033,0.0,0.25170068027210885
328,google,False,GaussianNoise,alexnet,30/70,resnet,google,20/80,0.054237287,0.0,0.10666666666666667
329,google,False,GaussianNoise,alexnet,30/70,resnet,google,30/70,0.053511705,0.0,0.10666666666666667
330,google,False,GaussianNoise,alexnet,30/70,resnet,google,40/60,0.090909086,0.0,0.18243243243243243
331,google,False,GaussianNoise,alexnet,30/70,resnet,google,50/50,0.13898306,0.0,0.2808219178082192
332,google,False,GaussianNoise,alexnet,30/70,vgg,google,20/80,0.01010101,0.013605442176870748,0.006666666666666667
333,google,False,GaussianNoise,alexnet,30/70,vgg,google,30/70,0.040133778,0.006711409395973154,0.07333333333333333
334,google,False,GaussianNoise,alexnet,30/70,vgg,google,40/60,0.04040404,0.013422818791946308,0.06756756756756757
335,google,False,GaussianNoise,alexnet,30/70,vgg,google,50/50,0.08754209,0.0,0.17567567567567569
336,google,False,GaussianNoise,alexnet,40/60,alexnet,bing,20/80,0.016666668,0.006666666666666667,0.02666666666666667
337,google,False,GaussianNoise,alexnet,40/60,alexnet,bing,30/70,0.02,0.006666666666666667,0.03333333333333333
338,google,False,GaussianNoise,alexnet,40/60,alexnet,bing,40/60,0.060000002,0.006666666666666667,0.11333333333333333
339,google,False,GaussianNoise,alexnet,40/60,alexnet,bing,50/50,0.10333334,0.0,0.20666666666666667
340,google,False,GaussianNoise,alexnet,40/60,resnet,bing,20/80,0.02,0.006666666666666667,0.03333333333333333
341,google,False,GaussianNoise,alexnet,40/60,resnet,bing,30/70,0.033333335,0.0,0.06666666666666667
342,google,False,GaussianNoise,alexnet,40/60,resnet,bing,40/60,0.093333334,0.0,0.18666666666666668
343,google,False,GaussianNoise,alexnet,40/60,resnet,bing,50/50,0.18666667,0.0,0.37333333333333335
344,google,False,GaussianNoise,alexnet,40/60,vgg,bing,20/80,0.026666667,0.05333333333333334,0.0
345,google,False,GaussianNoise,alexnet,40/60,vgg,bing,30/70,0.033333335,0.05333333333333334,0.013333333333333334
346,google,False,GaussianNoise,alexnet,40/60,vgg,bing,40/60,0.033333335,0.006666666666666667,0.06
347,google,False,GaussianNoise,alexnet,40/60,vgg,bing,50/50,0.07666667,0.006666666666666667,0.14666666666666667
348,google,False,GaussianNoise,alexnet,40/60,alexnet,google,20/80,0.03754266,0.0,0.0738255033557047
349,google,False,GaussianNoise,alexnet,40/60,alexnet,google,30/70,0.057432435,0.0,0.11333333333333333
350,google,False,GaussianNoise,alexnet,40/60,alexnet,google,40/60,0.08813559,0.0,0.17567567567567569
351,google,False,GaussianNoise,alexnet,40/60,alexnet,google,50/50,0.12244898,0.0,0.24489795918367346
352,google,False,GaussianNoise,alexnet,40/60,resnet,google,20/80,0.050847456,0.0,0.1
353,google,False,GaussianNoise,alexnet,40/60,resnet,google,30/70,0.06354515,0.0,0.12666666666666668
354,google,False,GaussianNoise,alexnet,40/60,resnet,google,40/60,0.08754209,0.0,0.17567567567567569
355,google,False,GaussianNoise,alexnet,40/60,resnet,google,50/50,0.14915255,0.0,0.3013698630136986
356,google,False,GaussianNoise,alexnet,40/60,vgg,google,20/80,0.016835017,0.027210884353741496,0.006666666666666667
357,google,False,GaussianNoise,alexnet,40/60,vgg,google,30/70,0.040133778,0.0,0.08
358,google,False,GaussianNoise,alexnet,40/60,vgg,google,40/60,0.043771043,0.0,0.08783783783783784
359,google,False,GaussianNoise,alexnet,40/60,vgg,google,50/50,0.077441074,0.0,0.1554054054054054
360,google,False,GaussianNoise,alexnet,50/50,alexnet,bing,20/80,0.016666668,0.006666666666666667,0.02666666666666667
361,google,False,GaussianNoise,alexnet,50/50,alexnet,bing,30/70,0.023333333,0.006666666666666667,0.04
362,google,False,GaussianNoise,alexnet,50/50,alexnet,bing,40/60,0.05666667,0.006666666666666667,0.10666666666666667
363,google,False,GaussianNoise,alexnet,50/50,alexnet,bing,50/50,0.10666667,0.0,0.21333333333333335
364,google,False,GaussianNoise,alexnet,50/50,resnet,bing,20/80,0.016666668,0.0,0.03333333333333333
365,google,False,GaussianNoise,alexnet,50/50,resnet,bing,30/70,0.026666667,0.0,0.05333333333333334
366,google,False,GaussianNoise,alexnet,50/50,resnet,bing,40/60,0.09666667,0.0,0.19333333333333333
367,google,False,GaussianNoise,alexnet,50/50,resnet,bing,50/50,0.17666668,0.0,0.35333333333333333
368,google,False,GaussianNoise,alexnet,50/50,vgg,bing,20/80,0.016666668,0.02666666666666667,0.006666666666666667
369,google,False,GaussianNoise,alexnet,50/50,vgg,bing,30/70,0.02,0.02666666666666667,0.013333333333333334
370,google,False,GaussianNoise,alexnet,50/50,vgg,bing,40/60,0.030000001,0.006666666666666667,0.05333333333333334
371,google,False,GaussianNoise,alexnet,50/50,vgg,bing,50/50,0.06666667,0.006666666666666667,0.12666666666666668
372,google,False,GaussianNoise,alexnet,50/50,alexnet,google,20/80,0.030716723,0.0,0.06040268456375839
373,google,False,GaussianNoise,alexnet,50/50,alexnet,google,30/70,0.07094595,0.0,0.14
374,google,False,GaussianNoise,alexnet,50/50,alexnet,google,40/60,0.098305084,0.0,0.19594594594594594
375,google,False,GaussianNoise,alexnet,50/50,alexnet,google,50/50,0.14965986,0.0,0.29931972789115646
376,google,False,GaussianNoise,alexnet,50/50,resnet,google,20/80,0.047457628,0.0,0.09333333333333334
377,google,False,GaussianNoise,alexnet,50/50,resnet,google,30/70,0.06688963,0.0,0.13333333333333333
378,google,False,GaussianNoise,alexnet,50/50,resnet,google,40/60,0.08417508,0.0,0.16891891891891891
379,google,False,GaussianNoise,alexnet,50/50,resnet,google,50/50,0.13559322,0.0,0.273972602739726
380,google,False,GaussianNoise,alexnet,50/50,vgg,google,20/80,0.01010101,0.013605442176870748,0.006666666666666667
381,google,False,GaussianNoise,alexnet,50/50,vgg,google,30/70,0.026755853,0.0,0.05333333333333334
382,google,False,GaussianNoise,alexnet,50/50,vgg,google,40/60,0.03030303,0.0,0.060810810810810814
383,google,False,GaussianNoise,alexnet,50/50,vgg,google,50/50,0.08417508,0.0,0.16891891891891891
384,google,False,GaussianNoise,resnet,20/80,alexnet,bing,20/80,0.013333334,0.006666666666666667,0.02
385,google,False,GaussianNoise,resnet,20/80,alexnet,bing,30/70,0.016666668,0.006666666666666667,0.02666666666666667
386,google,False,GaussianNoise,resnet,20/80,alexnet,bing,40/60,0.053333335,0.006666666666666667,0.1
387,google,False,GaussianNoise,resnet,20/80,alexnet,bing,50/50,0.1,0.0,0.2
388,google,False,GaussianNoise,resnet,20/80,resnet,bing,20/80,0.02,0.006666666666666667,0.03333333333333333
389,google,False,GaussianNoise,resnet,20/80,resnet,bing,30/70,0.030000001,0.0,0.06
390,google,False,GaussianNoise,resnet,20/80,resnet,bing,40/60,0.09666667,0.0,0.19333333333333333
391,google,False,GaussianNoise,resnet,20/80,resnet,bing,50/50,0.15666667,0.0,0.31333333333333335
392,google,False,GaussianNoise,resnet,20/80,vgg,bing,20/80,0.023333333,0.04,0.006666666666666667
393,google,False,GaussianNoise,resnet,20/80,vgg,bing,30/70,0.023333333,0.03333333333333333,0.013333333333333334
394,google,False,GaussianNoise,resnet,20/80,vgg,bing,40/60,0.030000001,0.006666666666666667,0.05333333333333334
395,google,False,GaussianNoise,resnet,20/80,vgg,bing,50/50,0.07,0.006666666666666667,0.13333333333333333
396,google,False,GaussianNoise,resnet,20/80,alexnet,google,20/80,0.030716723,0.0,0.06040268456375839
397,google,False,GaussianNoise,resnet,20/80,alexnet,google,30/70,0.06756757,0.0,0.13333333333333333
